desc: I1 cache:         32768 B, 64 B, 8-way associative
desc: D1 cache:         32768 B, 64 B, 8-way associative
desc: LL cache:         8388608 B, 64 B, 16-way associative
cmd: ./matmul_1
events: Ir I1mr ILmr Dr D1mr DLmr Dw D1mw DLmw 
fl=/build/glibc-OTsEL5/glibc-2.27/csu/../csu/init-first.c
fn=_init
52 8 1 1 0 0 0 4 0 0
55 4 1 1 1 1 0 1 0 0
62 5 1 1 4 0 0 0 0 0
67 1 0 0 0 0 0 1 1 1
68 1 0 0 0 0 0 1 0 0
69 2 0 0 1 0 0 1 1 1
81 4 0 0 0 0 0 1 0 0
84 1 0 0 0 0 0 1 0 0
89 6 0 0 5 0 0 0 0 0
fl=/build/glibc-OTsEL5/glibc-2.27/csu/../csu/libc-start.c
fn=(below main)
137 10 2 2 0 0 0 7 0 0
141 4 0 0 1 0 0 1 0 0
239 2 0 0 0 0 0 0 0 0
240 4 0 0 0 0 0 1 0 0
262 4 1 1 2 0 0 0 0 0
265 2 0 0 0 0 0 0 0 0
266 5 0 0 4 0 0 1 0 0
270 4 0 0 2 0 0 0 0 0
285 2 1 1 0 0 0 0 0 0
297 2 0 0 0 0 0 1 0 0
298 2 0 0 0 0 0 0 0 0
303 2 0 0 1 1 0 1 0 0
304 2 0 0 1 1 0 1 0 0
307 2 0 0 0 0 0 1 0 0
310 6 1 1 5 0 0 1 0 0
344 2 0 0 0 0 0 1 0 0
fl=/build/glibc-OTsEL5/glibc-2.27/csu/../sysdeps/generic/dl-hash.h
fn=_init
43 1 0 0 0 0 0 0 0 0
44 1 0 0 0 0 0 0 0 0
45 13 0 0 4 0 0 0 0 0
48 12 0 0 0 0 0 0 0 0
62 16 0 0 0 0 0 0 0 0
67 1 0 0 0 0 0 0 0 0
fl=/build/glibc-OTsEL5/glibc-2.27/csu/../sysdeps/unix/sysv/linux/x86_64/init-first.c
fn=_init
36 7 2 2 0 0 0 3 0 0
38 4 0 0 0 0 0 1 0 0
40 3 0 0 0 0 0 0 0 0
41 2 1 1 1 0 0 0 0 0
42 1 0 0 0 0 0 1 1 1
44 3 0 0 0 0 0 1 0 0
45 2 0 0 1 0 0 0 0 0
46 1 0 0 0 0 0 1 0 0
fl=/build/glibc-OTsEL5/glibc-2.27/ctype/ctype-info.c
fn=__ctype_init
31 7 2 2 5 2 0 1 0 0
33 4 0 0 2 0 0 1 0 0
35 4 0 0 2 0 0 1 0 0
36 1 0 0 1 0 0 0 0 0
fl=/build/glibc-OTsEL5/glibc-2.27/elf/../elf/dl-runtime.c
fn=_dl_fixup
66 6 1 0 0 0 0 2 0 0
68 2 0 0 2 0 0 0 0 0
69 4 1 1 4 2 0 0 0 0
72 10 0 0 4 4 0 0 0 0
73 14 0 0 4 2 0 2 0 0
75 6 0 0 4 0 0 0 0 0
80 4 1 1 0 0 0 0 0 0
84 4 0 0 2 1 0 0 0 0
88 6 0 0 2 1 0 0 0 0
92 4 0 0 4 3 0 0 0 0
93 8 0 0 2 1 0 0 0 0
95 10 1 1 2 1 0 0 0 0
101 2 0 0 0 0 0 0 0 0
102 6 0 0 2 1 0 0 0 0
112 20 1 1 4 2 0 6 0 0
116 10 0 0 6 0 0 0 0 0
126 14 0 0 4 0 0 0 0 0
134 2 0 0 2 0 0 0 0 0
142 8 0 0 2 0 0 0 0 0
146 6 1 1 2 1 0 0 0 0
150 6 0 0 4 0 0 0 0 0
fl=/build/glibc-OTsEL5/glibc-2.27/elf/../elf/dl-sysdep.c
fn=_dl_sysdep_start
88 8 1 1 0 0 0 6 1 1
89 10 1 1 4 1 1 5 0 0
90 1 0 0 0 0 0 0 0 0
112 1 0 0 0 0 0 1 0 0
113 234 1 1 76 9 9 4 3 3
116 2 0 0 0 0 0 1 0 0
117 1 1 1 0 0 0 1 0 0
119 126 5 5 32 6 6 13 1 1
120 110 0 0 18 3 3 0 0 0
123 1 0 0 1 0 0 0 0 0
126 1 1 1 1 0 0 0 0 0
129 1 1 1 1 0 0 0 0 0
130 1 0 0 0 0 0 0 0 0
132 1 0 0 1 0 0 0 0 0
133 1 0 0 0 0 0 0 0 0
153 1 1 1 1 0 0 0 0 0
154 1 0 0 0 0 0 0 0 0
156 1 0 0 1 0 0 0 0 0
157 1 0 0 0 0 0 0 0 0
159 2 2 2 1 0 0 1 0 0
160 1 0 0 0 0 0 1 0 0
165 2 0 0 1 0 0 1 0 0
166 1 0 0 0 0 0 1 0 0
181 2 1 1 1 0 0 1 0 0
182 1 0 0 0 0 0 1 0 0
224 1 0 0 0 0 0 1 1 1
236 2 1 1 0 0 0 2 0 0
238 5 0 0 0 0 0 1 0 0
250 3 0 0 1 0 0 0 0 0
253 5 1 1 1 0 0 1 0 0
254 1 1 0 1 1 0 0 0 0
255 8 0 0 7 1 0 0 0 0
fn=_dl_sysdep_start_cleanup
260 1 1 1 1 0 0 0 0 0
fl=/build/glibc-OTsEL5/glibc-2.27/elf/../elf/dl-tls.c
fn=_dl_add_to_slotinfo
887 4 1 1 0 0 0 3 0 0
893 2 1 1 1 0 0 0 0 0
896 1 0 0 1 1 0 0 0 0
901 7 0 0 2 0 0 0 0 0
942 1 0 0 0 0 0 1 0 0
943 1 1 1 0 0 0 1 0 0
944 4 0 0 4 0 0 0 0 0
fn=_dl_allocate_tls_init
437 9 1 1 0 0 0 7 0 0
438 2 0 0 0 0 0 0 0 0
442 2 1 1 1 0 0 1 0 0
444 2 0 0 0 0 0 0 0 0
445 1 0 0 0 0 0 0 0 0
448 3 0 0 2 1 0 0 0 0
460 2 0 0 1 0 0 1 0 0
465 11 1 1 2 0 0 1 0 0
471 15 0 0 0 0 0 1 0 0
474 1 1 1 1 0 0 0 0 0
475 2 0 0 0 0 0 0 0 0
481 3 0 0 2 0 0 0 0 0
482 2 0 0 0 0 0 0 0 0
484 6 1 1 2 0 0 1 1 1
485 1 0 0 0 0 0 1 0 0
487 2 0 0 0 0 0 0 0 0
488 2 0 0 1 0 0 0 0 0
491 2 0 0 0 0 0 0 0 0
492 4 1 1 2 0 0 0 0 0
494 2 0 0 0 0 0 0 0 0
495 2 0 0 1 0 0 0 0 0
504 1 0 0 0 0 0 1 0 0
507 15 1 1 6 0 0 2 0 0
517 1 1 1 0 0 0 0 0 0
521 3 0 0 2 0 0 1 0 0
524 8 1 1 7 0 0 0 0 0
fn=_dl_allocate_tls_storage
285 2 0 0 1 0 0 0 0 0
286 3 1 1 0 0 0 1 0 0
287 2 0 0 0 0 0 0 0 0
290 1 0 0 0 0 0 1 0 0
296 2 0 0 0 0 0 1 0 0
332 3 1 1 0 0 0 3 0 0
334 1 0 0 1 0 0 0 0 0
345 1 0 0 1 0 0 0 0 0
346 2 0 0 0 0 0 1 0 0
347 3 0 0 0 0 0 0 0 0
355 4 0 0 0 0 0 0 0 0
356 1 0 0 0 0 0 0 0 0
360 297 1 1 0 0 0 289 36 36
379 1 0 0 0 0 0 1 1 1
385 5 0 0 4 0 0 0 0 0
fn=_dl_count_modids
113 2 1 1 1 0 0 0 0 0
114 2 0 0 2 1 1 0 0 0
fn=_dl_determine_tlsoffset
135 5 0 0 0 0 0 5 0 0
136 2 1 1 0 0 0 0 0 0
137 1 0 0 0 0 0 0 0 0
138 1 0 0 0 0 0 0 0 0
141 3 2 2 1 0 0 0 0 0
144 2 0 0 1 0 0 0 0 0
178 1 0 0 0 0 0 0 0 0
180 13 1 1 2 0 0 0 0 0
182 4 0 0 1 0 0 0 0 0
184 3 0 0 1 0 0 0 0 0
185 2 1 1 1 0 0 0 0 0
187 2 0 0 0 0 0 0 0 0
189 5 1 1 1 0 0 0 0 0
205 8 0 0 0 0 0 0 0 0
207 2 0 0 0 0 0 0 0 0
208 2 0 0 0 0 0 0 0 0
217 1 0 0 0 0 0 1 0 0
220 1 0 0 0 0 0 1 0 0
221 1 0 0 0 0 0 1 0 0
272 1 0 0 0 0 0 1 0 0
273 6 0 0 6 0 0 0 0 0
fn=_dl_next_tls_modid
51 4 1 1 2 0 0 0 0 0
99 1 0 0 0 0 0 1 0 0
103 1 0 0 1 0 0 0 0 0
fl=/build/glibc-OTsEL5/glibc-2.27/elf/../misc/sbrk.c
fn=sbrk
32 4 1 1 0 0 0 2 0 0
40 6 0 0 2 0 0 0 0 0
44 2 1 1 0 0 0 0 0 0
60 5 0 0 3 0 0 0 0 0
fl=/build/glibc-OTsEL5/glibc-2.27/elf/../sysdeps/generic/ldsodefs.h
fn=_dl_relocate_object
102 279 1 1 93 0 0 0 0 0
fn=do_lookup_x
102 252 1 1 84 0 0 0 0 0
fl=/build/glibc-OTsEL5/glibc-2.27/elf/../sysdeps/posix/dl-fileid.h
fn=_dl_map_object_from_fd
37 12 0 0 0 0 0 2 0 0
40 2 0 0 2 0 0 0 0 0
41 4 1 1 2 0 0 2 0 0
49 13 1 1 7 1 1 0 0 0
fl=/build/glibc-OTsEL5/glibc-2.27/elf/../sysdeps/unix/sysv/linux/dl-osinfo.h
fn=dl_main
64 2 0 0 1 0 0 0 0 0
77 1 0 0 1 0 0 0 0 0
fl=/build/glibc-OTsEL5/glibc-2.27/elf/../sysdeps/unix/sysv/linux/dl-sysdep.c
fn=_dl_discover_osversion
45 4 1 1 0 0 0 3 0 0
47 3 0 0 1 0 0 0 0 0
87 5 2 2 0 0 0 1 1 1
102 1 0 0 0 0 0 0 0 0
106 1 0 0 0 0 0 0 0 0
107 1 0 0 0 0 0 0 0 0
109 12 0 0 3 1 1 0 0 0
111 6 0 0 0 0 0 0 0 0
113 12 0 0 3 0 0 0 0 0
119 3 0 0 0 0 0 0 0 0
120 3 1 1 0 0 0 0 0 0
121 3 0 0 0 0 0 0 0 0
123 13 0 0 0 0 0 0 0 0
128 2 0 0 0 0 0 0 0 0
132 5 0 0 4 0 0 0 0 0
fn=_dl_sysdep_start
35 2 0 0 0 0 0 1 0 0
fl=/build/glibc-OTsEL5/glibc-2.27/elf/../sysdeps/unix/sysv/linux/dl-vdso.c
fn=_dl_vdso_vsym
25 20 2 2 4 1 0 4 0 0
26 8 0 0 8 1 0 0 0 0
27 4 1 1 0 0 0 0 0 0
30 8 0 0 0 0 0 0 0 0
47 4 0 0 0 0 0 0 0 0
48 24 1 1 12 0 0 0 0 0
fl=/build/glibc-OTsEL5/glibc-2.27/elf/../sysdeps/unix/sysv/linux/not-errno.h
fn=_dl_important_hwcaps
28 4 1 1 0 0 0 0 0 0
fn=_dl_load_cache_lookup
28 4 0 0 0 0 0 0 0 0
32 3 1 1 0 0 0 0 0 0
fl=/build/glibc-OTsEL5/glibc-2.27/elf/../sysdeps/unix/sysv/linux/x86_64/brk.c
fn=brk
31 7 1 1 0 0 0 1 1 1
33 2 0 0 0 0 0 0 0 0
39 1 0 0 0 0 0 0 0 0
40 1 0 0 1 0 0 0 0 0
fl=/build/glibc-OTsEL5/glibc-2.27/elf/../sysdeps/x86/cpu-features.c
fn=_dl_sysdep_start
184 1 0 0 0 0 0 1 0 0
185 1 1 1 0 0 0 1 0 0
196 3 0 0 0 0 0 1 0 0
199 6 0 0 0 0 0 0 0 0
203 1 0 0 0 0 0 0 0 0
205 6 2 2 0 0 0 1 0 0
208 3 0 0 1 0 0 0 0 0
210 5 1 1 4 0 0 1 0 0
211 7 0 0 1 1 1 0 0 0
217 2 1 1 0 0 0 1 0 0
296 3 0 0 0 0 0 1 0 0
305 4 0 0 0 0 0 0 0 0
312 8 0 0 1 0 0 1 0 0
366 3 1 1 1 0 0 0 0 0
367 1 0 0 1 0 0 0 0 0
370 2 0 0 0 0 0 0 0 0
371 1 0 0 1 0 0 0 0 0
377 1 0 0 0 0 0 1 0 0
378 1 0 0 0 0 0 1 0 0
379 1 0 0 0 0 0 1 0 0
382 4 1 1 0 0 0 1 0 0
384 6 0 0 1 0 0 2 0 0
386 6 1 1 1 0 0 2 0 0
388 6 0 0 1 0 0 2 0 0
399 1 0 0 0 0 0 1 0 0
400 2 0 0 1 0 0 0 0 0
404 3 1 1 1 0 0 0 0 0
423 3 1 1 0 0 0 0 0 0
425 4 1 1 1 0 0 0 0 0
428 4 0 0 1 0 0 0 0 0
429 2 0 0 0 0 0 0 0 0
432 2 0 0 0 0 0 1 0 0
fn=get_common_indeces.constprop.1
34 2 1 1 0 0 0 1 0 0
38 4 0 0 0 0 0 0 0 0
41 5 0 0 0 0 0 3 0 0
44 1 0 0 0 0 0 1 0 0
45 4 1 1 0 0 0 1 0 0
46 4 0 0 0 0 0 1 0 0
47 4 0 0 0 0 0 1 0 0
48 3 0 0 0 0 0 1 0 0
49 2 1 1 1 0 0 0 0 0
56 2 0 0 1 0 0 0 0 0
57 7 0 0 0 0 0 4 0 0
64 3 1 1 1 0 0 0 0 0
68 2 0 0 0 0 0 0 0 0
70 4 0 0 0 0 0 0 0 0
74 2 1 1 0 0 0 0 0 0
77 4 0 0 1 1 1 1 0 0
80 2 0 0 1 0 0 0 0 0
82 3 0 0 0 0 0 1 0 0
84 2 0 0 0 0 0 0 0 0
86 3 0 0 0 0 0 1 0 0
91 3 1 1 0 0 0 0 0 0
110 2 0 0 1 0 0 0 0 0
114 4 0 0 0 0 0 0 0 0
115 2 0 0 0 0 0 0 0 0
117 1 0 0 0 0 0 0 0 0
118 1 0 0 0 0 0 0 0 0
121 2 1 1 0 0 0 1 0 0
123 1 0 0 0 0 0 1 0 0
125 3 0 0 0 0 0 0 0 0
128 2 0 0 0 0 0 0 0 0
178 3 1 1 2 0 0 0 0 0
fl=/build/glibc-OTsEL5/glibc-2.27/elf/../sysdeps/x86/dl-hwcap.h
fn=_dl_important_hwcaps
57 6 0 0 0 0 0 2 0 0
fl=/build/glibc-OTsEL5/glibc-2.27/elf/../sysdeps/x86/dl-procinfo.h
fn=_dl_load_cache_lookup
39 4 1 1 0 0 0 1 0 0
42 8 0 0 0 0 0 2 0 0
fl=/build/glibc-OTsEL5/glibc-2.27/elf/../sysdeps/x86_64/dl-machine.h
fn=_dl_fixup
242 2 0 0 0 0 0 2 0 0
fn=_dl_relocate_object
76 16 0 0 4 0 0 0 0 0
82 4 1 1 4 1 0 0 0 0
86 6 0 0 2 2 1 0 0 0
92 2 0 0 0 0 0 2 0 0
100 6 1 1 2 0 0 0 0 0
120 4 0 0 2 0 0 0 0 0
122 4 0 0 0 0 0 2 0 0
124 8 1 1 2 0 0 0 0 0
131 6 1 1 2 1 0 0 0 0
276 220 0 0 0 0 0 0 0 0
297 220 0 0 0 0 0 0 0 0
301 220 1 1 0 0 0 0 0 0
308 4452 11 11 845 87 74 638 4 0
310 483 0 0 204 0 0 0 0 0
313 408 2 2 102 0 0 0 0 0
335 660 0 0 110 3 3 0 0 0
430 51 1 1 17 0 0 0 0 0
434 68 0 0 17 1 0 0 0 0
439 51 0 0 34 2 2 0 0 0
448 51 0 0 17 0 0 17 8 8
458 372 1 1 186 12 11 93 12 6
481 12 0 0 0 0 0 4 0 0
491 6 0 0 0 0 0 3 0 0
535 3729 1 1 1243 312 311 0 0 0
540 2486 0 0 0 0 0 0 0 0
541 3729 0 0 1243 156 156 1243 236 234
551 94 0 0 47 0 0 0 0 0
555 16 0 0 0 0 0 0 0 0
557 24 0 0 8 1 0 0 0 0
558 8 0 0 8 5 4 0 0 0
575 78 0 0 78 1 1 0 0 0
577 39 0 0 0 0 0 39 0 0
578 39 0 0 0 0 0 39 2 2
fn=_dl_start
59 3 0 0 1 1 1 0 0 0
301 27 0 0 0 0 0 0 0 0
310 45 0 0 18 1 1 0 0 0
313 36 0 0 9 7 7 0 0 0
335 55 0 0 9 1 1 0 0 0
354 27 1 1 9 1 1 9 2 2
422 1 0 0 0 0 0 0 0 0
540 78 0 0 39 5 5 0 0 0
541 117 1 1 39 5 5 39 21 21
fl=/build/glibc-OTsEL5/glibc-2.27/elf/../sysdeps/x86_64/dl-trampoline.h
fn=_dl_runtime_resolve_xsave
71 2 1 1 0 0 0 2 0 0
74 2 0 0 0 0 0 0 0 0
76 2 0 0 0 0 0 0 0 0
86 2 0 0 2 1 0 0 0 0
92 2 0 0 0 0 0 2 2 2
93 2 0 0 0 0 0 2 0 0
94 2 0 0 0 0 0 2 0 0
95 2 0 0 0 0 0 2 0 0
96 2 0 0 0 0 0 2 0 0
97 2 0 0 0 0 0 2 0 0
98 2 0 0 0 0 0 2 0 0
102 2 0 0 0 0 0 0 0 0
103 2 0 0 0 0 0 0 0 0
106 2 0 0 0 0 0 2 2 1
107 2 1 1 0 0 0 2 0 0
109 2 0 0 0 0 0 2 0 0
110 2 0 0 0 0 0 2 0 0
111 2 0 0 0 0 0 2 0 0
112 2 0 0 0 0 0 2 0 0
113 2 0 0 0 0 0 2 0 0
114 2 0 0 0 0 0 2 0 0
116 2 0 0 2 0 0 66 19 11
123 2 1 1 2 0 0 0 0 0
124 2 0 0 2 0 0 0 0 0
125 2 0 0 0 0 0 2 2 1
126 2 0 0 0 0 0 0 0 0
131 2 0 0 0 0 0 0 0 0
132 2 0 0 0 0 0 0 0 0
133 2 0 0 72 0 0 0 0 0
135 2 0 0 2 0 0 0 0 0
136 2 0 0 2 0 0 0 0 0
137 2 0 0 2 0 0 0 0 0
138 2 0 0 2 0 0 0 0 0
139 2 0 0 2 0 0 0 0 0
140 2 0 0 2 0 0 0 0 0
141 2 0 0 2 0 0 0 0 0
143 2 0 0 0 0 0 0 0 0
145 2 1 1 2 0 0 0 0 0
149 2 0 0 0 0 0 0 0 0
152 2 0 0 0 0 0 0 0 0
fl=/build/glibc-OTsEL5/glibc-2.27/elf/./dl-load.h
fn=_dl_map_object_from_fd
90 8 0 0 4 0 0 0 0 0
91 6 1 1 4 0 0 2 0 0
93 8 0 0 4 0 0 0 0 0
94 5 1 1 3 0 0 0 0 0
95 6 1 1 2 0 0 0 0 0
96 4 0 0 1 0 0 0 0 0
98 4 0 0 0 0 0 1 0 0
fl=/build/glibc-OTsEL5/glibc-2.27/elf/./dl-map-segments.h
fn=_dl_map_object_from_fd
50 4 0 0 2 0 0 0 0 0
56 14 1 1 6 0 0 6 1 1
60 6 1 1 2 0 0 0 0 0
63 6 0 0 2 0 0 2 0 0
64 4 0 0 0 0 0 2 0 0
66 4 0 0 0 0 0 0 0 0
73 24 1 1 8 0 0 2 0 0
80 4 0 0 4 0 0 0 0 0
90 20 1 1 4 0 0 0 0 0
92 12 0 0 6 0 0 2 0 0
94 20 1 1 6 0 0 2 0 0
104 16 0 0 8 0 0 0 0 0
110 4 0 0 2 0 0 0 0 0
111 2 0 0 0 0 0 0 0 0
112 10 0 0 2 0 0 0 0 0
113 4 0 0 0 0 0 0 0 0
120 4 1 1 0 0 0 0 0 0
123 4 0 0 2 0 0 0 0 0
131 18 0 0 4 0 0 6 0 0
137 4 1 1 0 0 0 0 0 0
141 8 0 0 1 0 0 1 0 0
144 2 0 0 0 0 0 0 0 0
149 4 0 0 0 0 0 0 0 0
fl=/build/glibc-OTsEL5/glibc-2.27/elf/dl-addr.c
fn=_dl_addr
30 2 0 0 1 0 0 1 0 0
31 2 1 1 1 0 0 1 0 0
34 2 0 0 1 0 0 0 0 0
38 1 0 0 1 0 0 0 0 0
39 1 0 0 1 0 0 0 0 0
40 3 0 0 2 0 0 1 0 0
42 3 0 0 2 0 0 1 0 0
44 2 0 0 0 0 0 0 0 0
45 2 1 1 1 1 0 0 0 0
50 4050 0 0 2 0 0 0 0 0
52 1011 1 1 1011 59 19 0 0 0
53 2022 0 0 0 0 0 0 0 0
55 3664 0 0 916 0 0 0 0 0
61 11625 1 1 2325 485 452 0 0 0
63 9300 0 0 2325 0 0 0 0 0
64 16858 1 1 5300 378 341 0 0 0
69 2325 0 0 0 0 0 0 0 0
71 8384 0 0 2325 138 87 0 0 0
100 2 0 0 0 0 0 0 0 0
101 1 0 0 0 0 0 1 1 0
102 3 1 1 1 1 0 0 0 0
105 2 0 0 0 0 0 0 0 0
117 1 1 1 0 0 0 1 0 0
118 1 0 0 0 0 0 1 0 0
126 11 2 2 0 0 0 7 1 1
128 1 0 0 0 0 0 0 0 0
131 3 0 0 2 1 0 1 0 0
133 2 0 0 0 0 0 1 0 0
135 3 0 0 0 0 0 0 0 0
138 2 0 0 0 0 0 0 0 0
141 2 0 0 1 1 0 1 0 0
144 9 0 0 7 1 0 0 0 0
fl=/build/glibc-OTsEL5/glibc-2.27/elf/dl-cache.c
fn=_dl_cache_libcmp
141 20 1 1 20 10 10 0 0 0
142 102 0 0 0 0 0 0 0 0
144 200 1 1 0 0 0 0 0 0
146 2 0 0 0 0 0 0 0 0
152 4 1 1 0 0 0 0 0 0
153 3 0 0 0 0 0 0 0 0
154 4 0 0 1 0 0 0 0 0
156 4 1 1 1 0 0 0 0 0
158 2 0 0 0 0 0 0 0 0
164 98 0 0 0 0 0 0 0 0
166 178 0 0 80 0 0 0 0 0
167 27 0 0 9 0 0 0 0 0
170 40 0 0 0 0 0 0 0 0
171 40 0 0 0 0 0 0 0 0
174 3 0 0 1 0 0 0 0 0
fn=_dl_load_cache_lookup
187 9 1 1 0 0 0 6 0 0
195 2 1 1 1 0 0 0 0 0
198 3 0 0 1 1 1 0 0 0
201 5 1 1 0 0 0 1 1 1
209 5 1 1 1 0 0 0 0 0
210 7 0 0 3 1 1 0 0 0
214 1 0 0 0 0 0 1 0 0
217 4 1 1 1 0 0 0 0 0
220 2 0 0 0 0 0 1 0 0
221 3 0 0 0 0 0 0 0 0
222 8 1 1 3 1 1 0 0 0
243 1 0 0 0 0 0 0 0 0
249 2 0 0 0 0 0 0 0 0
258 3 0 0 0 0 0 1 0 0
260 1 0 0 1 0 0 0 0 0
264 6 1 1 1 0 0 2 0 0
266 2 0 0 0 0 0 0 0 0
270 14 2 2 4 0 0 3 0 0
271 3 0 0 1 0 0 0 0 0
285 227 9 9 32 8 8 16 0 0
297 5 2 2 1 0 0 0 0 0
301 2 0 0 1 0 0 0 0 0
305 2 0 0 1 0 0 0 0 0
313 9 1 1 1 0 0 1 0 0
314 3 0 0 0 0 0 1 0 0
315 2 0 0 0 0 0 1 0 0
316 8 0 0 7 0 0 0 0 0
fn=_dl_unload_cache
325 1 0 0 0 0 0 0 0 0
326 4 1 1 1 1 0 0 0 0
328 2 0 0 1 0 0 1 0 0
329 1 1 1 0 0 0 1 0 0
331 2 0 0 1 0 0 0 0 0
fl=/build/glibc-OTsEL5/glibc-2.27/elf/dl-debug.c
fn=_dl_debug_initialize
49 8 1 1 0 0 0 0 0 0
50 4 1 1 4 0 0 0 0 0
54 14 0 0 4 0 0 0 0 0
57 1 0 0 0 0 0 1 0 0
58 6 0 0 3 0 0 1 0 0
59 5 1 1 1 0 0 1 0 0
60 2 0 0 0 0 0 1 0 0
64 1 0 0 1 0 0 0 0 0
fn=_dl_debug_state
74 2 0 0 2 0 0 0 0 0
fl=/build/glibc-OTsEL5/glibc-2.27/elf/dl-deps.c
fn=_dl_map_object_deps
143 4 0 0 0 0 0 2 0 0
144 2 0 0 0 0 0 2 0 0
145 7 1 1 0 0 0 2 0 0
147 2 0 0 0 0 0 0 0 0
151 8 1 1 2 0 0 2 0 0
158 11 1 1 0 0 0 8 0 0
159 9 1 1 0 0 0 0 0 0
175 11 0 0 2 0 0 2 0 0
176 1 0 0 1 0 0 0 0 0
179 1 1 1 0 0 0 1 0 0
185 1 0 0 0 0 0 1 0 0
186 1 0 0 0 0 0 1 0 0
198 6 1 1 1 0 0 4 0 0
199 3 1 1 1 0 0 0 0 0
200 2 0 0 0 0 0 2 0 0
206 4 0 0 0 0 0 0 0 0
209 4 0 0 0 0 0 4 0 0
213 16 0 0 8 0 0 0 0 0
214 25 1 1 11 0 0 0 0 0
216 2 0 0 0 0 0 0 0 0
218 8 1 1 4 0 0 0 0 0
220 26 0 0 0 0 0 4 0 0
225 20 3 3 12 1 1 0 0 0
227 6 0 0 6 0 0 0 0 0
232 2 0 0 0 0 0 2 0 0
233 4 0 0 0 0 0 2 0 0
234 4 0 0 2 0 0 2 0 0
235 4 0 0 2 0 0 2 0 0
238 218 1 1 57 0 0 2 0 0
239 102 1 1 0 0 0 0 0 0
245 14 0 0 2 0 0 2 0 0
247 2 0 0 0 0 0 2 0 0
249 8 1 1 2 0 0 2 0 0
250 4 0 0 2 0 0 0 0 0
259 2 0 0 2 0 0 0 0 0
261 4 0 0 2 0 0 0 0 0
266 6 0 0 0 0 0 0 0 0
269 2 0 0 0 0 0 2 1 1
270 2 0 0 0 0 0 2 0 0
271 2 0 0 0 0 0 2 0 0
272 4 0 0 2 0 0 2 0 0
274 2 1 1 2 0 0 0 0 0
276 10 0 0 2 0 0 4 0 0
280 4 0 0 0 0 0 0 0 0
281 3 0 0 0 0 0 1 0 0
283 147 0 0 0 0 0 0 0 0
304 4 0 0 0 0 0 2 0 0
434 9 1 1 0 0 0 0 0 0
436 6 0 0 0 0 0 2 0 0
438 4 0 0 0 0 0 2 0 0
439 4 1 1 0 0 0 0 0 0
440 4 0 0 0 0 0 0 0 0
443 4 0 0 2 0 0 2 1 1
444 10 0 0 0 0 0 2 0 0
445 10 0 0 0 0 0 2 0 0
448 2 0 0 0 0 0 2 0 0
449 2 0 0 2 0 0 0 0 0
453 28 1 1 14 0 0 3 0 0
455 4 1 1 4 0 0 0 0 0
456 19 0 0 5 0 0 0 0 0
460 6 2 2 2 0 0 0 0 0
461 2 0 0 0 0 0 1 0 0
464 4 0 0 1 0 0 1 0 0
474 2 0 0 0 0 0 2 0 0
475 3 1 1 0 0 0 1 0 0
477 5 0 0 2 0 0 0 0 0
482 9 0 0 4 0 0 1 0 0
483 1 0 0 0 0 0 1 0 0
485 14 1 1 4 0 0 0 0 0
491 8 0 0 0 0 0 4 1 1
495 12 0 0 8 0 0 0 0 0
498 2 0 0 1 0 0 0 0 0
549 2 1 1 1 0 0 0 0 0
550 1 0 0 0 0 0 1 0 0
551 3 0 0 1 0 0 0 0 0
573 6 1 1 0 0 0 3 0 0
586 7 1 1 1 0 0 2 0 0
590 5 0 0 0 0 0 1 0 0
593 1 0 0 0 0 0 1 0 0
595 1 1 1 0 0 0 1 0 0
596 1 0 0 1 0 0 0 0 0
597 4 0 0 2 0 0 0 0 0
604 3 1 1 1 0 0 0 0 0
607 2 0 0 0 0 0 0 0 0
610 8 0 0 7 0 0 0 0 0
fn=openaux
60 4 1 1 0 0 0 2 0 0
63 20 1 1 8 0 0 4 0 0
64 4 0 0 2 0 0 0 0 0
67 2 0 0 2 0 0 0 0 0
68 4 0 0 4 0 0 0 0 0
fl=/build/glibc-OTsEL5/glibc-2.27/elf/dl-environ.c
fn=_dl_next_ld_env_entry
29 3 1 1 3 0 0 0 0 0
32 226 0 0 75 0 0 0 0 0
34 148 1 1 74 0 0 0 0 0
35 20 0 0 10 0 0 0 0 0
37 2 0 0 0 0 0 0 0 0
40 4 0 0 0 0 0 2 0 0
42 2 0 0 2 0 0 0 0 0
45 72 0 0 0 0 0 0 0 0
49 1 0 0 1 0 0 0 0 0
fl=/build/glibc-OTsEL5/glibc-2.27/elf/dl-error-skeleton.c
fn=_dl_catch_error
213 7 1 1 0 0 0 3 0 0
215 4 0 0 0 0 0 1 0 0
216 2 0 0 1 0 0 1 0 0
217 2 0 0 1 0 0 1 0 0
218 2 0 0 1 0 0 1 0 0
220 5 1 1 4 0 0 0 0 0
fn=_dl_catch_exception
175 12 1 1 0 0 0 9 0 0
187 6 0 0 0 0 0 6 2 2
188 6 0 0 0 0 0 3 0 0
190 6 0 0 3 0 0 3 0 0
191 6 1 1 0 0 0 3 0 0
194 18 0 0 0 0 0 3 0 0
196 9 0 0 6 0 0 3 0 0
197 6 1 1 3 0 0 3 0 0
198 12 0 0 3 0 0 6 0 0
207 12 0 0 6 0 0 0 0 0
fn=_dl_receive_error
226 3 0 0 0 0 0 2 0 0
227 1 0 0 1 0 0 0 0 0
228 1 0 0 1 0 0 0 0 0
231 1 0 0 0 0 0 1 0 0
232 1 0 0 0 0 0 1 0 0
234 2 0 0 0 0 0 1 0 0
236 1 1 1 0 0 0 1 0 0
237 1 0 0 0 0 0 1 0 0
238 4 0 0 3 0 0 0 0 0
fl=/build/glibc-OTsEL5/glibc-2.27/elf/dl-fini.c
fn=_dl_fini
30 8 1 1 0 0 0 6 1 0
47 6 0 0 0 0 0 1 0 0
50 7 1 1 1 1 1 0 0 0
53 2 1 1 1 1 1 1 1 0
55 1 0 0 1 1 1 0 0 0
58 2 0 0 0 0 0 0 0 0
60 8 0 0 3 1 1 1 0 0
65 1 0 0 0 0 0 1 0 0
68 7 1 1 0 0 0 0 0 0
73 13 0 0 4 0 0 0 0 0
75 8 0 0 4 4 4 0 0 0
77 8 0 0 0 0 0 0 0 0
79 8 0 0 0 0 0 4 0 0
80 4 0 0 0 0 0 4 4 4
81 4 1 1 0 0 0 0 0 0
85 4 0 0 4 3 3 0 0 0
87 6 0 0 0 0 0 0 0 0
88 4 0 0 0 0 0 0 0 0
94 10 2 2 0 0 0 1 0 0
104 2 0 0 1 0 0 1 0 0
109 16 1 1 5 0 0 1 0 0
111 4 1 1 4 0 0 0 0 0
113 12 0 0 4 0 0 0 0 0
116 8 0 0 0 0 0 4 0 0
119 12 0 0 4 4 4 0 0 0
120 6 0 0 2 2 2 0 0 0
123 4 0 0 2 1 1 0 0 0
134 6 0 0 4 3 3 0 0 0
135 2 1 1 2 0 0 0 0 0
136 4 0 0 2 0 0 0 0 0
137 20 1 1 4 2 2 2 0 0
138 4 0 0 2 2 2 2 0 0
142 4 0 0 0 0 0 0 0 0
143 6 0 0 4 1 1 2 0 0
149 24 0 0 8 1 1 0 0 0
165 8 0 0 4 0 0 0 0 0
171 6 0 0 2 0 0 0 0 0
177 2 0 0 1 0 0 0 0 0
184 8 0 0 7 0 0 0 0 0
fl=/build/glibc-OTsEL5/glibc-2.27/elf/dl-hwcaps.c
fn=_dl_important_hwcaps
42 13 2 2 0 0 0 10 2 2
43 8 0 0 1 0 0 3 0 0
46 3 0 0 0 0 0 0 0 0
55 18 1 1 1 0 0 0 0 0
56 6 0 0 0 0 0 0 0 0
57 4 0 0 0 0 0 0 0 0
65 3 0 0 1 0 0 0 0 0
69 3 1 1 0 0 0 0 0 0
129 1 0 0 0 0 0 0 0 0
131 4 0 0 0 0 0 0 0 0
146 7 1 1 0 0 0 0 0 0
147 1 0 0 0 0 0 0 0 0
149 2 0 0 0 0 0 0 0 0
166 1 0 0 0 0 0 0 0 0
183 19 1 1 2 0 0 1 0 0
184 6 1 1 2 0 0 2 1 1
186 1 0 0 0 0 0 1 1 1
187 2 0 0 0 0 0 2 0 0
188 7 0 0 1 0 0 0 0 0
191 3 0 0 1 0 0 0 0 0
193 1 0 0 0 0 0 1 0 0
194 6 1 1 1 0 0 1 0 0
198 2 0 0 0 0 0 1 0 0
199 1 0 0 0 0 0 1 0 0
202 3 0 0 1 0 0 0 0 0
205 4 0 0 0 0 0 1 0 0
209 8 1 1 1 0 0 2 0 0
210 4 0 0 1 0 0 0 0 0
212 3 0 0 0 0 0 0 0 0
213 2 1 1 0 0 0 0 0 0
214 3 0 0 1 0 0 0 0 0
215 2 0 0 0 0 0 0 0 0
222 2 0 0 0 0 0 0 0 0
228 11 1 1 1 0 0 5 0 0
229 5 0 0 0 0 0 1 0 0
230 4 1 1 2 0 0 0 0 0
259 13 0 0 1 0 0 5 0 0
262 4 1 1 1 0 0 1 0 0
265 2 1 1 0 0 0 0 0 0
269 1 0 0 1 0 0 0 0 0
272 2 0 0 0 0 0 0 0 0
275 12 0 0 6 0 0 4 0 0
278 12 0 0 3 0 0 0 0 0
279 24 2 2 2 0 0 6 0 0
280 6 0 0 2 0 0 2 0 0
283 10 1 1 2 0 0 4 0 0
285 7 0 0 3 0 0 0 0 0
290 28 1 1 2 0 0 0 0 0
291 16 0 0 0 0 0 8 1 1
295 22 0 0 0 0 0 0 0 0
298 51 0 0 0 0 0 0 0 0
299 72 1 1 0 0 0 0 0 0
300 36 0 0 24 0 0 0 0 0
302 6 0 0 0 0 0 0 0 0
305 3 0 0 1 0 0 0 0 0
306 2 1 1 0 0 0 0 0 0
307 15 1 1 1 0 0 0 0 0
309 6 0 0 0 0 0 0 0 0
310 2 0 0 2 0 0 0 0 0
313 4 0 0 0 0 0 2 0 0
320 19 0 0 6 0 0 4 0 0
321 4 0 0 0 0 0 0 0 0
323 8 0 0 0 0 0 0 0 0
326 3 0 0 2 0 0 1 0 0
328 2 1 1 1 0 0 0 0 0
329 9 1 1 7 0 0 0 0 0
fl=/build/glibc-OTsEL5/glibc-2.27/elf/dl-init.c
fn=_dl_init
30 15 1 1 5 0 0 0 0 0
36 8 0 0 0 0 0 4 0 0
39 16 1 1 8 1 0 0 0 0
40 3 0 0 0 0 0 0 0 0
44 9 1 1 3 2 0 0 0 0
45 3 1 1 1 0 0 0 0 0
49 4 0 0 2 0 0 0 0 0
58 15 1 1 6 2 0 3 0 0
61 1 0 0 1 0 0 0 0 0
62 4 0 0 0 0 0 0 0 0
68 6 1 1 4 1 0 0 0 0
70 5 0 0 4 0 0 0 0 0
71 21 1 1 3 0 0 3 0 0
72 9 0 0 2 0 0 2 0 0
79 11 2 2 0 0 0 6 0 0
80 1 0 0 1 1 0 0 0 0
81 1 0 0 1 0 0 0 0 0
84 3 0 0 1 0 0 0 0 0
87 2 0 0 0 0 0 1 0 0
92 2 0 0 0 0 0 0 0 0
117 2 0 0 1 0 0 0 0 0
118 15 1 1 0 0 0 0 0 0
119 12 0 0 8 0 0 0 0 0
125 8 0 0 7 0 0 0 0 0
fl=/build/glibc-OTsEL5/glibc-2.27/elf/dl-load.c
fn=_dl_init_paths
623 9 1 1 0 0 0 7 0 0
636 6 1 1 2 0 0 2 1 1
640 1 0 0 0 0 0 1 0 0
641 2 0 0 0 0 0 1 0 0
642 3 0 0 0 0 0 0 0 0
649 4 1 1 0 0 0 0 0 0
650 5 0 0 1 0 0 2 0 0
653 6 0 0 0 0 0 2 0 0
655 2 0 0 0 0 0 0 0 0
661 1 0 0 0 0 0 1 0 0
662 1 0 0 0 0 0 1 0 0
664 1 0 0 0 0 0 0 0 0
670 3 0 0 0 0 0 3 0 0
672 8 0 0 0 0 0 4 0 0
673 4 2 2 0 0 0 4 3 3
675 5 0 0 0 0 0 4 0 0
676 8 0 0 3 0 0 4 1 1
677 7 0 0 0 0 0 0 0 0
680 6 0 0 3 2 2 0 0 0
681 24 1 1 8 0 0 4 0 0
684 30 0 0 3 0 0 5 0 0
690 1 1 1 0 0 0 1 1 1
691 1 0 0 0 0 0 1 0 0
695 1 0 0 1 0 0 0 0 0
696 2 0 0 0 0 0 0 0 0
698 4 0 0 1 0 0 0 0 0
700 3 0 0 1 0 0 0 0 0
717 2 0 0 0 0 0 1 0 0
719 3 1 1 1 0 0 0 0 0
733 2 2 2 0 0 0 1 0 0
738 5 1 1 2 0 0 0 0 0
740 12 2 2 0 0 0 2 0 0
744 2 0 0 0 0 0 0 0 0
745 61 1 1 15 0 0 0 0 0
746 56 0 0 0 0 0 0 0 0
749 1 0 0 0 0 0 1 0 0
750 1 0 0 0 0 0 1 0 0
751 2 0 0 0 0 0 0 0 0
757 7 0 0 0 0 0 1 0 0
760 3 0 0 2 0 0 0 0 0
766 1 0 0 0 0 0 1 0 0
770 8 0 0 7 0 0 0 0 0
fn=_dl_map_object
601 9 2 2 3 0 0 0 0 0
610 3 1 1 2 0 0 0 0 0
2080 27 1 1 0 0 0 24 4 4
2082 2 0 0 0 0 0 2 0 0
2088 6 0 0 0 0 0 0 0 0
2089 12 0 0 3 1 1 0 0 0
2092 42 1 1 9 0 0 0 0 0
2097 49 1 1 7 0 0 0 0 0
2099 35 0 0 0 0 0 7 0 0
2103 12 0 0 6 0 0 0 0 0
2104 18 0 0 6 0 0 0 0 0
2107 2 0 0 2 0 0 0 0 0
2108 4 0 0 4 0 0 0 0 0
2109 8 0 0 0 0 0 2 0 0
2125 6 1 1 2 0 0 0 0 0
2135 6 0 0 2 0 0 0 0 0
2169 2 0 0 0 0 0 2 2 2
2171 11 2 2 1 0 0 2 0 0
2175 4 0 0 0 0 0 2 0 0
2177 2 0 0 0 0 0 0 0 0
2184 4 1 1 1 0 0 0 0 0
2188 4 1 1 1 0 0 1 0 0
2189 2 0 0 0 0 0 1 0 0
2193 3 0 0 1 0 0 0 0 0
2196 7 0 0 0 0 0 3 0 0
2208 3 1 1 0 0 0 0 0 0
2209 7 1 1 1 0 0 1 0 0
2219 2 1 1 1 0 0 0 0 0
2220 15 1 1 1 0 0 4 0 0
2226 5 0 0 0 0 0 0 0 0
2235 1 0 0 0 0 0 1 1 1
2249 2 1 1 0 0 0 0 0 0
2251 3 0 0 1 0 0 0 0 0
2255 3 1 1 0 0 0 1 0 0
2257 2 0 0 0 0 0 0 0 0
2261 2 0 0 0 0 0 0 0 0
2269 3 0 0 1 0 0 0 0 0
2292 11 1 1 0 0 0 3 0 0
2296 5 0 0 3 0 0 0 0 0
2297 2 0 0 0 0 0 1 0 0
2314 2 1 1 1 0 0 0 0 0
2320 1 0 0 0 0 0 1 0 0
2322 6 0 0 0 0 0 1 0 0
2323 5 1 1 0 0 0 1 0 0
2327 10 0 0 0 0 0 2 0 0
2330 5 0 0 3 0 0 0 0 0
2342 7 1 1 0 0 0 0 0 0
2344 2 0 0 0 0 0 0 0 0
2388 4 0 0 2 0 0 2 0 0
2389 30 1 1 6 0 0 10 0 0
2391 27 1 1 21 0 0 0 0 0
fn=_dl_map_object_from_fd
369 2 1 1 1 0 0 0 0 0
808 30 2 2 0 0 0 22 2 2
818 8 0 0 2 0 0 4 1 1
819 2 1 1 0 0 0 2 0 0
834 29 0 0 9 0 0 0 0 0
835 10 0 0 5 0 0 0 0 0
852 4 2 2 2 0 0 0 0 0
876 8 0 0 2 0 0 2 0 0
886 4 0 0 2 0 0 0 0 0
908 8 0 0 4 0 0 0 0 0
940 4 0 0 0 0 0 0 0 0
943 16 0 0 10 0 0 2 0 0
944 4 0 0 0 0 0 0 0 0
955 6 1 1 4 0 0 2 2 2
956 8 0 0 4 0 0 4 0 0
957 4 0 0 2 0 0 2 0 0
959 6 0 0 0 0 0 0 0 0
960 8 0 0 4 0 0 0 0 0
961 2 0 0 0 0 0 0 0 0
976 6 0 0 0 0 0 4 0 0
978 2 0 0 0 0 0 2 0 0
980 20 1 1 0 0 0 4 0 0
981 2 0 0 0 0 0 0 0 0
982 2 0 0 0 0 0 0 0 0
988 108 1 1 0 0 0 0 0 0
989 127 1 1 17 2 2 0 0 0
995 4 0 0 2 0 0 0 0 0
1000 4 0 0 2 0 0 2 0 0
1001 8 0 0 2 0 0 2 0 0
1006 2 0 0 1 0 0 1 0 0
1007 1 0 0 0 0 0 0 0 0
1012 20 1 1 8 0 0 0 0 0
1017 32 0 0 8 0 0 0 0 0
1025 16 0 0 4 0 0 0 0 0
1026 16 1 1 0 0 0 4 2 2
1027 20 0 0 4 0 0 4 0 0
1028 4 0 0 0 0 0 4 2 2
1029 8 0 0 4 0 0 4 0 0
1030 8 0 0 0 0 0 4 0 0
1034 8 1 1 0 0 0 0 0 0
1035 8 0 0 4 0 0 0 0 0
1039 8 0 0 0 0 0 0 0 0
1040 32 0 0 8 0 0 4 0 0
1050 4 1 1 0 0 0 0 0 0
1053 3 0 0 1 1 1 0 0 0
1057 1 0 0 0 0 0 1 1 1
1058 3 1 1 2 0 0 1 0 0
1059 2 0 0 0 0 0 0 0 0
1060 1 0 0 0 0 0 0 0 0
1062 3 0 0 0 0 0 1 0 0
1063 2 0 0 1 0 0 1 0 0
1066 1 0 0 0 0 0 1 0 0
1070 4 0 0 1 0 0 0 0 0
1076 3 0 0 1 0 0 2 1 1
1077 1 0 0 0 0 0 0 0 0
1085 10 0 0 2 0 0 2 0 0
1092 4 1 1 2 0 0 2 0 0
1093 2 0 0 0 0 0 0 0 0
1096 4 1 1 2 0 0 2 1 1
1097 4 0 0 2 0 0 2 0 0
1098 2 0 0 0 0 0 0 0 0
1101 8 0 0 2 0 0 0 0 0
1110 4 1 1 0 0 0 0 0 0
1120 20 0 0 8 0 0 4 0 0
1132 8 1 1 4 0 0 0 0 0
1141 6 1 1 2 0 0 2 0 0
1148 4 1 1 0 0 0 0 0 0
1163 6 0 0 2 0 0 0 0 0
1182 4 0 0 2 0 0 2 0 0
1184 10 1 1 4 0 0 0 0 0
1238 6 0 0 2 1 1 0 0 0
1239 2 0 0 1 0 0 1 0 0
1242 8 0 0 2 0 0 2 0 0
1251 4 0 0 2 0 0 0 0 0
1253 8 1 1 4 0 0 2 0 0
1255 4 0 0 2 0 0 0 0 0
1271 4 0 0 0 0 0 2 0 0
1275 4 0 0 2 0 0 0 0 0
1276 4 0 0 2 0 0 0 0 0
1293 4 1 1 2 0 0 0 0 0
1294 1 0 0 0 0 0 1 0 0
1297 6 0 0 2 0 0 4 0 0
1302 4 0 0 2 0 0 0 0 0
1312 4 0 0 2 0 0 0 0 0
1322 6 1 1 2 0 0 2 0 0
1326 6 0 0 2 0 0 0 0 0
1346 18 0 0 14 0 0 0 0 0
fn=expand_dynamic_string_token
320 14 1 1 0 0 0 8 0 0
330 10 0 0 0 0 0 2 0 0
334 4 0 0 0 0 0 0 0 0
345 10 0 0 8 0 0 0 0 0
fn=fillin_rpath
389 16 2 2 0 0 0 12 0 0
391 1 0 0 0 0 0 0 0 0
393 12 1 1 4 0 0 2 0 0
400 2 0 0 1 0 0 0 0 0
402 4 0 0 1 0 0 1 0 0
406 2 0 0 0 0 0 0 0 0
411 2 0 0 0 0 0 1 0 0
412 2 0 0 0 0 0 0 0 0
419 7 2 2 1 0 0 0 0 0
424 4 0 0 0 0 0 2 0 0
428 17 1 1 5 0 0 0 0 0
429 8 0 0 4 0 0 0 0 0
447 4 1 1 1 0 0 1 0 0
450 1 0 0 0 0 0 1 0 0
451 7 1 1 2 0 0 2 0 0
453 3 0 0 1 0 0 0 0 0
457 2 0 0 0 0 0 2 1 1
458 1 0 0 0 0 0 0 0 0
459 4 0 0 0 0 0 2 0 0
460 2 1 1 1 0 0 1 0 0
462 2 0 0 1 0 0 0 0 0
468 4 0 0 1 0 0 0 0 0
469 40 2 2 1 0 0 1 0 0
470 12 1 1 0 0 0 5 0 0
472 2 0 0 1 0 0 1 0 0
473 3 1 1 1 0 0 0 0 0
478 2 1 1 0 0 0 1 0 0
480 1 0 0 0 0 0 1 0 0
481 1 1 1 0 0 0 1 0 0
484 3 0 0 0 0 0 1 0 0
486 3 1 1 1 0 0 1 0 0
490 1 0 0 0 0 0 1 0 0
493 9 0 0 7 0 0 0 0 0
fn=open_path
1932 8 1 1 0 0 0 6 0 0
1933 2 0 0 1 0 0 1 1 1
1936 1 1 1 0 0 0 1 0 0
1937 1 0 0 0 0 0 1 0 0
1939 2 0 0 0 0 0 0 0 0
1944 18 1 1 3 0 0 7 1 1
1947 3 0 0 2 0 0 0 0 0
1951 3 0 0 0 0 0 0 0 0
1956 4 0 0 0 0 0 1 0 0
1963 5 1 1 2 0 0 2 1 1
1964 35 1 1 0 0 0 0 0 0
1967 16 0 0 8 0 0 0 0 0
1971 80 1 1 48 0 0 16 0 0
1974 16 0 0 0 0 0 8 0 0
1977 24 0 0 8 0 0 0 0 0
1980 80 1 1 40 0 0 16 0 0
1982 40 0 0 24 0 0 0 0 0
1984 16 0 0 0 0 0 0 0 0
1989 16 1 1 8 0 0 0 0 0
1990 64 0 0 32 0 0 0 0 0
1996 62 3 3 26 0 0 9 0 0
1998 48 0 0 8 0 0 8 0 0
1999 2 0 0 1 1 1 0 0 0
2001 23 0 0 0 0 0 8 0 0
2018 2 0 0 0 0 0 1 0 0
2046 2 0 0 0 0 0 0 0 0
2049 7 1 1 1 0 0 0 0 0
2054 1 0 0 1 0 0 0 0 0
2056 4 1 1 3 0 0 0 0 0
2059 3 0 0 1 0 0 0 0 0
2073 9 1 1 7 0 0 0 0 0
fn=open_verify.constprop.7
1598 140 1 1 10 0 0 90 2 2
1637 48 0 0 10 0 0 0 0 0
1650 8 0 0 0 0 0 0 0 0
1668 50 1 1 10 0 0 10 1 1
1670 22 0 0 0 0 0 0 0 0
1680 2 0 0 0 0 0 2 0 0
1681 4 0 0 0 0 0 2 1 1
1686 12 1 1 0 0 0 2 0 0
1688 4 0 0 0 0 0 0 0 0
1690 4 0 0 2 0 0 2 0 0
1692 4 0 0 0 0 0 0 0 0
1698 4 0 0 0 0 0 0 0 0
1714 34 5 5 19 2 2 0 0 0
1788 4 0 0 2 0 0 0 0 0
1793 4 0 0 2 0 0 0 0 0
1795 8 0 0 2 0 0 0 0 0
1801 4 0 0 0 0 0 0 0 0
1812 4 0 0 2 1 1 0 0 0
1818 8 1 1 2 1 1 0 0 0
1819 8 0 0 2 0 0 0 0 0
1820 2 0 0 0 0 0 0 0 0
1825 2 1 1 1 0 0 0 0 0
1840 82 0 0 0 0 0 0 0 0
1842 38 1 1 17 10 10 0 0 0
1855 6 1 1 0 0 0 0 0 0
1858 8 0 0 4 0 0 0 0 0
1859 2 0 0 0 0 0 0 0 0
1868 18 1 1 12 2 2 0 0 0
1870 2 0 0 0 0 0 0 0 0
1871 24 1 1 4 0 0 0 0 0
1874 6 0 0 0 0 0 0 0 0
1879 1 0 0 0 0 0 0 0 0
1880 2 0 0 0 0 0 0 0 0
1883 2 0 0 0 0 0 0 0 0
1886 2 0 0 1 1 1 0 0 0
1887 4 0 0 1 0 0 0 0 0
1888 1 0 0 1 0 0 0 0 0
1889 3 0 0 1 0 0 0 0 0
1890 3 1 1 1 0 0 0 0 0
1918 90 1 1 70 0 0 0 0 0
fl=/build/glibc-OTsEL5/glibc-2.27/elf/dl-lookup.c
fn=_dl_lookup_symbol_x
554 184 0 0 0 0 0 0 0 0
555 5744 0 0 1413 87 82 0 0 0
556 5284 1 1 0 0 0 0 0 0
790 1288 2 2 92 0 0 828 6 2
792 184 0 0 0 0 0 92 2 1
793 184 0 0 0 0 0 92 1 0
796 92 0 0 92 2 0 0 0 0
800 442 1 1 175 0 0 0 0 0
804 1012 1 1 184 0 0 368 0 0
805 276 0 0 92 3 0 0 0 0
811 324 0 0 108 0 0 0 0 0
813 1196 1 1 460 0 0 644 3 1
816 444 0 0 84 0 0 0 0 0
819 32 0 0 0 0 0 0 0 0
841 184 1 1 92 0 0 0 0 0
843 48 1 1 8 0 0 0 0 0
860 8 1 1 0 0 0 8 0 0
861 16 0 0 0 0 0 0 0 0
865 588 0 0 168 0 0 0 0 0
896 84 0 0 0 0 0 0 0 0
905 336 0 0 84 0 0 0 0 0
919 252 1 1 84 2 0 0 0 0
920 2 1 1 0 0 0 1 0 0
922 336 0 0 168 0 0 0 0 0
927 84 0 0 0 0 0 84 0 0
929 844 0 0 644 0 0 0 0 0
fn=_dl_setup_hash
939 12 1 1 4 0 0 0 0 0
943 4 0 0 4 0 0 0 0 0
947 8 0 0 4 4 4 4 1 1
948 4 0 0 4 0 0 0 0 0
949 4 0 0 4 1 1 0 0 0
951 12 0 0 0 0 0 0 0 0
952 4 0 0 0 0 0 4 0 0
953 12 1 1 4 0 0 4 0 0
955 4 0 0 0 0 0 4 0 0
956 8 0 0 0 0 0 0 0 0
958 4 0 0 0 0 0 4 0 0
960 12 0 0 0 0 0 4 0 0
961 4 0 0 4 0 0 0 0 0
fn=do_lookup_x
78 588 1 1 252 8 7 0 0 0
90 1043 1 1 0 0 0 440 0 0
93 320 0 0 160 0 0 38 0 0
97 84 0 0 84 0 0 0 0 0
98 168 1 1 84 0 0 0 0 0
100 166 0 0 0 0 0 0 0 0
119 83 0 0 83 8 4 0 0 0
120 747 1 1 332 3 0 0 0 0
121 830 1 1 332 3 0 249 0 0
148 2 1 1 0 0 0 0 0 0
150 5 0 0 2 0 0 0 0 0
180 35 2 2 20 0 0 0 0 0
294 207 0 0 0 0 0 0 0 0
338 1196 1 1 92 0 0 1012 9 4
339 92 0 0 92 2 0 0 0 0
344 184 0 0 92 0 0 0 0 0
345 92 0 0 92 0 0 0 0 0
349 582 1 1 582 11 0 0 0 0
352 582 0 0 291 0 0 0 0 0
356 1134 2 2 92 0 0 92 0 0
360 582 0 0 291 7 0 0 0 0
364 582 0 0 291 2 0 0 0 0
370 873 0 0 291 6 0 0 0 0
374 89 0 0 0 0 0 89 0 0
375 89 0 0 0 0 0 89 0 0
378 582 1 1 582 14 0 0 0 0
379 873 0 0 582 3 0 291 0 0
382 291 0 0 291 0 0 0 0 0
383 582 0 0 0 0 0 0 0 0
385 291 0 0 291 45 32 0 0 0
386 184 0 0 0 0 0 92 0 0
387 582 0 0 582 0 0 0 0 0
390 1455 1 1 582 0 0 0 0 0
393 2037 0 0 0 0 0 0 0 0
396 178 0 0 178 48 45 0 0 0
397 267 1 1 0 0 0 0 0 0
398 178 0 0 0 0 0 0 0 0
400 267 0 0 89 0 0 89 0 0
403 905 1 1 362 60 59 0 0 0
405 336 0 0 84 0 0 0 0 0
406 252 0 0 84 14 12 0 0 0
407 168 0 0 0 0 0 0 0 0
413 291 0 0 0 0 0 0 0 0
421 184 0 0 0 0 0 0 0 0
446 10 0 0 5 0 0 0 0 0
452 840 1 1 420 0 0 0 0 0
503 168 0 0 0 0 0 0 0 0
506 636 1 1 84 0 0 0 0 0
510 27 0 0 9 1 0 0 0 0
522 504 1 1 252 0 0 252 0 0
524 84 0 0 0 0 0 0 0 0
540 1452 0 0 553 1 0 0 0 0
541 182 0 0 26 0 0 52 2 1
544 621 0 0 0 0 0 0 0 0
547 16 0 0 0 0 0 0 0 0
548 736 0 0 644 0 0 0 0 0
fl=/build/glibc-OTsEL5/glibc-2.27/elf/dl-minimal.c
fn=calloc
92 8 1 1 0 0 0 0 0 0
96 8 0 0 0 0 0 0 0 0
99 16 0 0 0 0 0 0 0 0
100 24 0 0 0 0 0 0 0 0
103 8 1 1 0 0 0 0 0 0
fn=free
111 4 0 0 2 0 0 0 0 0
fn=malloc
49 3 0 0 0 0 0 2 0 0
50 87 1 1 43 0 0 0 0 0
55 3 0 0 0 0 0 1 0 0
56 2 1 1 1 0 0 0 0 0
57 2 0 0 0 0 0 0 0 0
61 66 1 1 0 0 0 22 0 0
64 150 0 0 0 0 0 0 0 0
69 4 1 1 1 0 0 0 0 0
70 2 0 0 0 0 0 0 0 0
72 1 0 0 0 0 0 0 0 0
73 8 0 0 0 0 0 1 0 0
75 2 0 0 0 0 0 0 0 0
77 3 0 0 1 0 0 0 0 0
79 3 0 0 0 0 0 1 0 0
82 22 0 0 0 0 0 22 0 0
83 22 1 1 0 0 0 22 0 0
85 47 0 0 24 0 0 0 0 0
fn=strsep
265 4 1 1 2 0 0 0 0 0
267 2 0 0 2 0 0 0 0 0
268 4 0 0 0 0 0 0 0 0
272 77 2 2 15 0 0 0 0 0
277 56 0 0 28 0 0 0 0 0
279 84 0 0 28 0 0 0 0 0
287 14 0 0 0 0 0 0 0 0
290 1 0 0 0 0 0 1 0 0
294 2 0 0 2 0 0 0 0 0
fl=/build/glibc-OTsEL5/glibc-2.27/elf/dl-misc.c
fn=_dl_name_match_p
282 200 1 1 0 0 0 80 1 1
283 160 0 0 40 2 0 40 1 1
284 43 0 0 0 0 0 0 0 0
286 40 0 0 40 0 0 0 0 0
288 162 0 0 0 0 0 0 0 0
289 220 1 1 44 5 0 44 0 0
292 41 0 0 41 0 0 0 0 0
294 37 0 0 0 0 0 0 0 0
295 200 0 0 120 0 0 0 0 0
fn=_dl_sysdep_read_whole_file
44 8 2 2 0 0 0 4 0 0
47 3 0 0 0 0 0 1 0 0
48 2 0 0 0 0 0 0 0 0
50 7 0 0 0 0 0 1 0 0
52 2 0 0 1 0 0 1 0 0
55 2 0 0 0 0 0 0 0 0
57 8 1 1 0 0 0 1 0 0
68 2 0 0 0 0 0 1 0 0
71 7 0 0 5 0 0 0 0 0
fl=/build/glibc-OTsEL5/glibc-2.27/elf/dl-object.c
fn=_dl_add_to_namespace_list
31 15 1 1 0 0 0 9 0 0
33 9 0 0 3 0 0 3 0 0
35 22 0 0 3 0 0 0 0 0
38 15 0 0 5 0 0 0 0 0
40 2 0 0 0 0 0 2 0 0
42 2 0 0 0 0 0 2 0 0
45 2 0 0 0 0 0 1 0 0
46 9 1 1 3 0 0 0 0 0
47 6 0 0 3 0 0 3 0 0
48 6 0 0 0 0 0 3 0 0
50 6 0 0 3 0 0 0 0 0
51 9 0 0 9 0 0 0 0 0
fn=_dl_new_object
59 39 1 1 0 0 0 24 3 3
60 18 1 1 0 0 0 9 1 1
66 18 0 0 3 0 0 0 0 0
68 6 0 0 0 0 0 0 0 0
73 15 1 1 0 0 0 6 0 0
76 6 0 0 0 0 0 0 0 0
79 3 0 0 0 0 0 3 2 2
80 9 0 0 3 0 0 3 3 3
84 6 1 1 0 0 0 3 1 1
85 24 0 0 9 0 0 9 2 2
87 3 0 0 0 0 0 3 0 0
95 18 0 0 6 0 0 3 1 1
96 15 0 0 3 3 3 3 0 0
99 6 1 1 3 0 0 0 0 0
100 8 1 1 2 0 0 3 3 3
101 3 0 0 0 0 0 3 1 1
105 3 0 0 0 0 0 3 0 0
108 43 0 0 0 0 0 0 0 0
110 32 1 1 0 0 0 16 4 4
120 6 0 0 0 0 0 3 1 1
121 3 0 0 0 0 0 3 3 3
124 1 1 1 0 0 0 0 0 0
126 18 1 1 3 0 0 0 0 0
128 6 0 0 0 0 0 2 1 1
131 8 1 1 0 0 0 0 0 0
135 6 0 0 2 0 0 0 0 0
139 11 0 0 0 0 0 0 0 0
147 1 1 1 0 0 0 1 0 0
150 6 0 0 0 0 0 3 0 0
153 9 0 0 0 0 0 3 0 0
155 8 0 0 2 0 0 4 0 0
159 8 1 1 2 0 0 0 0 0
163 8 0 0 0 0 0 2 0 0
164 4 0 0 0 0 0 0 0 0
172 2 0 0 0 0 0 0 0 0
176 2 0 0 0 0 0 0 0 0
209 48 0 0 2 0 0 2 0 0
214 42 0 0 0 0 0 0 0 0
215 88 0 0 42 0 0 0 0 0
220 4 0 0 0 0 0 2 0 0
223 2 0 0 0 0 0 2 0 0
227 27 1 1 21 0 0 0 0 0
fl=/build/glibc-OTsEL5/glibc-2.27/elf/dl-open.c
fn=_dl_find_dso_for_object
176 5 1 1 0 0 0 4 0 0
180 6 0 0 1 0 0 0 0 0
181 10 0 0 3 0 0 0 0 0
182 12 1 1 6 0 0 0 0 0
183 2 0 0 1 0 0 0 0 0
186 2 1 1 1 0 0 0 0 0
190 7 0 0 5 0 0 0 0 0
fl=/build/glibc-OTsEL5/glibc-2.27/elf/dl-reloc.c
fn=_dl_relocate_object
148 48 1 1 0 0 0 32 0 0
155 4 0 0 0 0 0 4 0 0
158 6 0 0 0 0 0 0 0 0
159 12 1 1 0 0 0 8 0 0
163 8 0 0 0 0 0 0 0 0
164 20 1 1 4 1 0 4 0 0
170 12 0 0 8 0 0 0 0 0
176 16 0 0 4 0 0 0 0 0
177 8 1 1 4 3 0 0 0 0
180 9 2 2 0 0 0 0 0 0
187 8 0 0 4 0 0 0 0 0
231 12 1 1 8 0 0 4 0 0
258 190 3 3 80 13 0 42 0 0
261 16 0 0 4 0 0 0 0 0
285 4 0 0 4 0 0 0 0 0
288 8 1 1 4 0 0 0 0 0
305 12 0 0 4 3 0 0 0 0
307 32 0 0 28 1 0 0 0 0
313 24 0 0 12 0 0 0 0 0
316 8 0 0 0 0 0 0 0 0
320 8 0 0 0 0 0 0 0 0
321 20 1 1 0 0 0 4 0 0
fl=/build/glibc-OTsEL5/glibc-2.27/elf/dl-sort-maps.c
fn=_dl_sort_maps
28 18 1 1 0 0 0 14 1 0
30 4 0 0 0 0 0 0 0 0
33 2 0 0 0 0 0 0 0 0
34 20 1 1 0 0 0 6 1 0
35 42 1 1 2 0 0 12 0 0
39 24 1 1 6 0 0 12 0 0
40 18 0 0 12 0 0 0 0 0
42 12 0 0 6 0 0 0 0 0
46 12 2 2 6 0 0 0 0 0
54 48 2 2 22 0 0 0 0 0
56 18 1 1 12 2 2 0 0 0
57 14 0 0 0 0 0 0 0 0
59 18 0 0 6 1 1 0 0 0
60 12 0 0 0 0 0 0 0 0
90 33 3 3 9 0 0 0 0 0
115 30 0 0 10 0 0 0 0 0
118 40 0 0 8 0 0 4 0 0
122 26 0 0 14 0 0 4 1 0
fl=/build/glibc-OTsEL5/glibc-2.27/elf/dl-tunables.c
fn=__GI___tunables_init
68 375 0 0 75 0 0 0 0 0
71 74 0 0 0 0 0 0 0 0
74 7024 1 1 1014 36 36 0 0 0
78 148 0 0 0 0 0 0 0 0
83 148 0 0 0 0 0 0 0 0
150 4 1 1 0 0 0 2 1 1
280 3 0 0 1 0 0 0 0 0
289 8 1 1 0 0 0 6 0 0
297 148 1 1 0 0 0 0 0 0
312 6586 2 2 0 0 0 0 0 0
318 8140 0 0 3256 0 0 0 0 0
330 296 1 1 74 0 0 0 0 0
364 8 0 0 7 0 0 0 0 0
fn=__tunable_get_val
373 168 2 1 17 10 0 0 0 0
377 31 1 1 17 3 0 14 0 0
382 3 0 0 0 0 0 3 0 0
383 3 0 0 0 0 0 0 0 0
399 85 1 0 17 1 0 0 0 0
401 17 0 0 17 0 0 0 0 0
fl=/build/glibc-OTsEL5/glibc-2.27/elf/dl-tunables.h
fn=__GI___tunables_init
120 2940 0 0 1416 8 8 0 0 0
121 2996 0 0 0 0 0 0 0 0
fl=/build/glibc-OTsEL5/glibc-2.27/elf/dl-version.c
fn=_dl_check_all_versions
362 8 1 1 0 0 0 4 0 0
364 1 0 0 0 0 0 0 0 0
366 15 0 0 4 0 0 0 0 0
368 40 1 1 4 0 0 4 0 0
371 7 0 0 5 0 0 0 0 0
fn=_dl_check_map_versions
37 24 0 0 4 0 0 0 0 0
38 5 0 0 5 0 0 0 0 0
39 35 1 1 0 0 0 7 0 0
57 12 0 0 8 0 0 4 0 0
65 12 1 1 4 0 0 0 0 0
71 12 0 0 4 1 0 0 0 0
87 4 0 0 4 1 0 0 0 0
88 8 0 0 0 0 0 0 0 0
90 4 0 0 4 0 0 0 0 0
95 52 0 0 18 3 3 4 0 0
109 36 1 1 18 1 1 0 0 0
111 4 1 1 4 0 0 0 0 0
114 36 1 1 14 0 0 6 0 0
121 42 0 0 14 4 4 0 0 0
125 14 0 0 0 0 0 0 0 0
143 12 1 1 2 0 0 6 0 0
156 28 1 1 0 0 0 24 0 0
157 6 1 1 0 0 0 4 0 0
165 4 0 0 0 0 0 4 0 0
171 12 0 0 4 0 0 0 0 0
173 20 1 1 4 0 0 12 0 0
175 8 0 0 4 0 0 4 0 0
176 8 0 0 4 0 0 4 0 0
178 8 0 0 0 0 0 0 0 0
181 8 0 0 4 0 0 2 0 0
185 6 0 0 2 2 2 0 0 0
201 4 0 0 4 0 0 0 0 0
209 6 0 0 2 0 0 0 0 0
214 6 0 0 4 1 1 0 0 0
218 46 1 1 32 0 0 4 0 0
220 4 0 0 4 1 1 0 0 0
222 10 0 0 4 0 0 4 0 0
225 16 1 1 4 0 0 0 0 0
228 12 0 0 4 0 0 0 0 0
233 2 0 0 0 0 0 0 0 0
237 8 0 0 4 0 0 0 0 0
251 11 2 2 4 0 0 0 0 0
254 8 0 0 8 0 0 0 0 0
257 140 0 0 34 8 8 2 0 0
260 106 0 0 34 3 3 2 0 0
264 32 0 0 0 0 0 0 0 0
268 9 1 1 3 0 0 0 0 0
273 3 0 0 0 0 0 3 0 0
274 12 2 2 0 0 0 3 0 0
275 6 0 0 0 0 0 0 0 0
285 3 0 0 0 0 0 3 0 0
288 9 0 0 6 0 0 3 0 0
290 9 0 0 3 0 0 0 0 0
293 8 1 1 6 0 0 0 0 0
297 6 0 0 2 0 0 0 0 0
300 12 0 0 4 0 0 0 0 0
302 12 0 0 0 0 0 0 0 0
304 20 1 1 4 0 0 4 0 0
305 12 0 0 0 0 0 4 2 2
306 12 0 0 4 0 0 4 0 0
307 12 0 0 4 0 0 4 0 0
310 12 0 0 4 0 0 0 0 0
315 2 0 0 0 0 0 0 0 0
318 6 0 0 2 0 0 0 0 0
328 9 0 0 3 0 0 0 0 0
331 8 1 1 6 0 0 0 0 0
335 32 0 0 32 0 0 0 0 0
337 68 0 0 34 0 0 0 0 0
341 32 0 0 32 0 0 0 0 0
342 160 0 0 32 0 0 32 9 9
343 96 0 0 32 0 0 32 0 0
344 32 0 0 0 0 0 32 5 5
347 102 0 0 34 0 0 0 0 0
351 32 0 0 0 0 0 0 0 0
357 36 0 0 32 0 0 0 0 0
fl=/build/glibc-OTsEL5/glibc-2.27/elf/do-rel.h
fn=_dl_relocate_object
47 24 0 0 8 0 0 8 0 0
48 8 0 0 8 0 0 0 0 0
50 11 0 0 0 0 0 3 0 0
51 6 0 0 0 0 0 4 1 0
58 24 0 0 8 0 0 0 0 0
61 145 2 2 0 0 0 0 0 0
63 188 1 1 47 17 17 0 0 0
65 119 0 0 0 0 0 0 0 0
74 4 1 1 0 0 0 0 0 0
75 142 1 1 17 0 0 0 0 0
76 78 0 0 39 0 0 0 0 0
83 12 1 1 6 0 0 6 0 0
84 6 0 0 6 0 0 0 0 0
86 24 0 0 12 0 0 0 0 0
98 18 0 0 0 0 0 0 0 0
108 8 0 0 0 0 0 0 0 0
111 3738 1 1 0 0 0 0 0 0
112 2486 0 0 1243 0 0 0 0 0
118 18 0 0 6 4 0 0 0 0
121 10 0 0 5 2 0 5 1 0
124 325 2 2 110 1 0 0 0 0
127 420 1 1 105 27 24 0 0 0
136 420 0 0 210 42 39 0 0 0
137 420 1 1 105 0 0 105 0 0
138 360 1 1 105 1 0 0 0 0
139 315 0 0 210 0 0 105 0 0
143 15 0 0 6 0 0 0 0 0
160 22 2 2 8 0 0 2 0 0
162 20 0 0 5 1 1 0 0 0
170 30 0 0 5 0 0 5 0 0
171 15 1 1 10 0 0 5 0 0
174 2 0 0 0 0 0 0 0 0
fn=_dl_start
83 1 0 0 1 0 0 0 0 0
84 1 0 0 1 0 0 0 0 0
111 120 0 0 0 0 0 0 0 0
112 78 0 0 39 5 5 0 0 0
116 2 0 0 1 0 0 0 0 0
124 31 0 0 0 0 0 0 0 0
136 27 1 1 9 2 2 0 0 0
137 18 0 0 0 0 0 0 0 0
139 18 0 0 9 0 0 0 0 0
fl=/build/glibc-OTsEL5/glibc-2.27/elf/get-dynamic-info.h
fn=_dl_map_object_from_fd
42 4 0 0 0 0 0 0 0 0
46 2 0 0 0 0 0 0 0 0
48 141 0 0 47 13 13 0 0 0
50 90 0 0 0 0 0 0 0 0
63 42 0 0 0 0 0 0 0 0
64 71 1 1 0 0 0 43 11 11
65 8 1 1 0 0 0 0 0 0
67 2 0 0 0 0 0 0 0 0
68 10 2 2 0 0 0 0 0 0
70 2 0 0 0 0 0 0 0 0
71 10 0 0 0 0 0 0 0 0
72 2 0 0 0 0 0 0 0 0
73 8 0 0 0 0 0 2 0 0
74 45 0 0 0 0 0 0 0 0
81 4 1 1 0 0 0 0 0 0
101 7 0 0 3 0 0 0 0 0
102 8 0 0 4 0 0 0 0 0
103 8 1 1 4 0 0 0 0 0
104 8 0 0 4 0 0 0 0 0
106 8 0 0 4 0 0 0 0 0
111 8 0 0 4 0 0 0 0 0
112 7 1 1 3 1 1 0 0 0
113 8 0 0 4 0 0 0 0 0
119 6 0 0 2 0 0 0 0 0
124 4 0 0 2 0 0 0 0 0
131 4 0 0 2 0 0 0 0 0
132 6 1 1 4 0 0 0 0 0
150 6 0 0 2 1 1 0 0 0
155 2 0 0 1 0 0 1 0 0
157 2 0 0 0 0 0 0 0 0
159 2 0 0 0 0 0 0 0 0
161 2 0 0 0 0 0 0 0 0
164 6 1 1 2 0 0 0 0 0
166 4 0 0 1 0 0 1 0 0
174 2 0 0 1 0 0 0 0 0
179 2 0 0 0 0 0 0 0 0
182 4 0 0 2 0 0 0 0 0
fn=_dl_start
48 57 1 1 19 6 6 0 0 0
50 36 1 1 0 0 0 0 0 0
63 21 0 0 0 0 0 0 0 0
64 29 0 0 0 0 0 17 5 5
65 4 0 0 0 0 0 0 0 0
67 3 0 0 0 0 0 0 0 0
68 5 1 1 0 0 0 0 0 0
70 2 0 0 0 0 0 0 0 0
71 5 1 1 0 0 0 0 0 0
72 1 0 0 0 0 0 0 0 0
73 5 1 1 0 0 0 1 1 1
74 18 0 0 0 0 0 0 0 0
81 2 1 1 0 0 0 0 0 0
101 4 0 0 2 0 0 0 0 0
102 4 0 0 2 0 0 0 0 0
103 4 1 1 2 0 0 0 0 0
104 4 0 0 2 0 0 0 0 0
106 4 0 0 2 0 0 0 0 0
111 4 0 0 2 0 0 0 0 0
112 4 1 1 2 0 0 0 0 0
113 4 0 0 2 0 0 0 0 0
119 3 0 0 1 0 0 0 0 0
124 2 0 0 1 0 0 0 0 0
131 3 0 0 1 0 0 0 0 0
132 3 1 1 2 0 0 0 0 0
140 3 0 0 1 0 0 0 0 0
143 3 0 0 1 1 1 0 0 0
147 2 1 1 1 0 0 0 0 0
148 2 0 0 1 0 0 0 0 0
fn=dl_main
33 1 0 0 1 0 0 0 0 0
42 2 0 0 0 0 0 0 0 0
46 1 0 0 0 0 0 0 0 0
48 81 0 0 27 7 7 0 0 0
50 52 0 0 0 0 0 0 0 0
63 25 0 0 0 0 0 0 0 0
64 41 0 0 0 0 0 25 6 6
65 4 0 0 0 0 0 0 0 0
67 1 0 0 0 0 0 0 0 0
68 5 0 0 0 0 0 0 0 0
70 1 1 1 0 0 0 0 0 0
71 5 1 1 0 0 0 0 0 0
72 1 0 0 0 0 0 0 0 0
73 4 0 0 0 0 0 1 0 0
74 26 0 0 0 0 0 0 0 0
81 3 1 1 1 0 0 0 0 0
101 3 0 0 1 0 0 0 0 0
102 4 0 0 2 0 0 0 0 0
103 4 0 0 2 0 0 0 0 0
104 4 0 0 2 0 0 0 0 0
106 4 1 1 2 0 0 0 0 0
111 4 0 0 2 0 0 0 0 0
112 4 0 0 2 0 0 0 0 0
113 4 0 0 2 0 0 0 0 0
119 3 1 1 1 0 0 0 0 0
124 2 0 0 1 0 0 0 0 0
131 2 0 0 1 0 0 0 0 0
132 3 0 0 2 0 0 0 0 0
150 3 0 0 1 0 0 0 0 0
155 2 0 0 1 0 0 1 1 1
157 2 1 1 0 0 0 0 0 0
159 2 0 0 0 0 0 0 0 0
161 2 0 0 0 0 0 0 0 0
162 1 0 0 0 0 0 1 0 0
164 3 0 0 1 0 0 0 0 0
166 3 0 0 1 0 0 1 0 0
174 2 1 1 1 0 0 0 0 0
179 2 0 0 0 0 0 0 0 0
180 2 0 0 1 0 0 1 0 0
182 2 0 0 1 0 0 0 0 0
fl=/build/glibc-OTsEL5/glibc-2.27/elf/rtld.c
fn=_dl_start
393 2 0 0 0 0 0 1 1 1
394 2 0 0 0 0 0 1 0 0
395 2 0 0 0 0 0 1 0 0
396 2 0 0 0 0 0 1 0 0
397 2 0 0 0 0 0 1 1 1
405 5 1 1 0 0 0 1 0 0
408 1 0 0 0 0 0 1 0 0
414 4 1 0 0 0 0 1 0 0
423 4 0 0 0 0 0 0 0 0
426 2 0 0 1 1 0 1 1 0
430 2 1 0 1 0 0 0 0 0
444 9 1 1 0 0 0 6 1 1
463 5 0 0 0 0 0 1 1 1
486 1 0 0 0 0 0 1 1 1
489 1 0 0 0 0 0 1 1 1
500 2 0 0 0 0 0 0 0 0
505 27 3 3 9 0 0 0 0 0
507 1 1 1 1 1 1 0 0 0
532 9 0 0 7 1 0 0 0 0
fn=dl_main
799 1 0 0 1 0 0 0 0 0
801 1 0 0 0 0 0 1 0 0
810 1 0 0 0 0 0 1 0 0
812 1 1 1 0 0 0 1 0 0
817 1 0 0 0 0 0 1 0 0
870 12 2 2 0 0 0 7 1 1
876 1 0 0 0 0 0 0 0 0
879 1 0 0 0 0 0 0 0 0
885 1 0 0 0 0 0 1 0 0
887 2 0 0 0 0 0 1 1 1
891 2 0 0 0 0 0 1 1 1
892 2 0 0 0 0 0 1 0 0
897 2 1 1 0 0 0 1 0 0
907 3 0 0 1 0 0 0 0 0
1108 8 2 2 0 0 0 1 0 0
1110 2 0 0 0 0 0 0 0 0
1111 1 0 0 0 0 0 1 0 0
1112 2 0 0 1 0 0 1 0 0
1113 2 0 0 1 0 0 1 0 0
1117 3 0 0 0 0 0 1 0 0
1118 2 1 1 1 0 0 0 0 0
1139 1 0 0 0 0 0 1 0 0
1140 1 0 0 0 0 0 1 0 0
1142 1 0 0 0 0 0 1 0 0
1144 1 0 0 1 0 0 0 0 0
1147 33 1 1 1 0 0 0 0 0
1148 71 2 2 9 5 5 0 0 0
1152 3 1 1 1 0 0 1 0 0
1153 1 0 0 0 0 0 0 0 0
1157 3 0 0 2 0 0 1 0 0
1158 1 0 0 0 0 0 0 0 0
1166 2 0 0 0 0 0 1 1 1
1167 2 1 1 2 1 1 0 0 0
1169 1 0 0 0 0 0 1 0 0
1176 2 0 0 1 0 0 0 0 0
1188 1 0 0 0 0 0 0 0 0
1194 2 1 1 0 0 0 0 0 0
1202 4 0 0 2 0 0 0 0 0
1203 10 1 1 3 1 1 0 0 0
1204 4 0 0 2 0 0 0 0 0
1205 1 0 0 0 0 0 1 0 0
1208 4 0 0 2 1 1 0 0 0
1209 4 0 0 2 0 0 0 0 0
1210 2 1 1 0 0 0 2 0 0
1211 6 0 0 3 0 0 0 0 0
1212 2 0 0 0 0 0 1 0 0
1239 2 1 1 1 0 0 1 0 0
1240 1 0 0 0 0 0 0 0 0
1243 2 0 0 1 0 0 1 0 0
1244 2 0 0 1 0 0 1 0 0
1245 1 0 0 0 0 0 0 0 0
1250 3 1 1 1 1 1 0 0 0
1253 2 1 1 1 0 0 0 0 0
1255 2 0 0 1 0 0 0 0 0
1257 3 1 1 1 0 0 0 0 0
1270 3 0 0 1 0 0 0 0 0
1271 6 0 0 1 0 0 2 0 0
1273 3 0 0 3 0 0 0 0 0
1276 2 0 0 1 0 0 1 0 0
1278 1 0 0 0 0 0 1 0 0
1279 1 0 0 0 0 0 1 0 0
1281 2 1 1 1 0 0 0 0 0
1282 2 0 0 0 0 0 1 0 0
1286 2 0 0 1 0 0 0 0 0
1288 2 1 1 0 0 0 0 0 0
1293 2 0 0 0 0 0 1 0 0
1296 2 1 1 1 0 0 0 0 0
1312 5 2 2 0 0 0 2 0 0
1318 10 1 1 1 0 0 2 0 0
1323 2 1 1 1 0 0 1 0 0
1326 4 1 1 1 0 0 2 0 0
1328 1 0 0 0 0 0 1 0 0
1333 2 0 0 1 0 0 0 0 0
1336 3 0 0 2 0 0 1 0 0
1337 4 0 0 1 0 0 1 0 0
1338 2 1 1 1 0 0 1 0 0
1339 1 0 0 0 0 0 1 0 0
1340 1 0 0 1 0 0 0 0 0
1341 1 0 0 1 0 0 0 0 0
1346 2 0 0 1 0 0 0 0 0
1347 5 0 0 1 0 0 1 0 0
1364 2 0 0 1 1 1 0 0 0
1365 2 1 1 1 0 0 0 0 0
1367 3 0 0 1 0 0 0 0 0
1369 1 0 0 0 0 0 1 0 0
1370 3 0 0 1 0 0 1 0 0
1375 4 1 1 0 0 0 0 0 0
1376 5 0 0 1 1 1 0 0 0
1378 2 1 1 1 0 0 1 1 1
1379 2 0 0 1 0 0 1 0 0
1384 2 0 0 1 1 1 0 0 0
1389 1 0 0 0 0 0 1 0 0
1390 4 1 1 2 0 0 0 0 0
1391 2 0 0 0 0 0 0 0 0
1570 2 0 0 0 0 0 2 0 0
1578 3 0 0 1 0 0 0 0 0
1581 2 1 1 1 0 0 1 0 0
1585 3 0 0 1 0 0 0 0 0
1590 2 0 0 1 0 0 1 0 0
1591 1 0 0 0 0 0 1 0 0
1592 1 0 0 0 0 0 0 0 0
1596 2 0 0 1 0 0 0 0 0
1611 3 1 1 2 0 0 0 0 0
1612 1 0 0 0 0 0 0 0 0
1613 1 0 0 0 0 0 0 0 0
1615 3 0 0 1 0 0 0 0 0
1617 5 0 0 0 0 0 0 0 0
1618 3 0 0 0 0 0 1 0 0
1619 4 1 1 0 0 0 0 0 0
1621 2 0 0 1 0 0 0 0 0
1631 5 0 0 0 0 0 1 0 0
1708 4 0 0 2 0 0 0 0 0
1712 8 1 1 0 0 0 0 0 0
1713 1 0 0 0 0 0 0 0 0
1716 3 1 1 0 0 0 1 0 0
1717 1 0 0 1 0 0 0 0 0
1718 2 0 0 0 0 0 0 0 0
1719 2 0 0 0 0 0 0 0 0
1725 5 1 1 0 0 0 0 0 0
1726 8 0 0 1 0 0 1 0 0
1727 4 0 0 0 0 0 0 0 0
1729 2 1 1 1 0 0 0 0 0
1732 11 0 0 1 0 0 0 0 0
1733 16 0 0 9 0 0 0 0 0
1736 3 1 1 2 0 0 1 0 0
1737 3 0 0 1 0 0 0 0 0
1738 1 0 0 0 0 0 1 0 0
1740 12 1 1 0 0 0 0 0 0
1741 11 0 0 7 0 0 0 0 0
1751 2 1 1 0 0 0 1 0 0
1753 3 2 2 1 0 0 1 0 0
1754 2 0 0 1 0 0 0 0 0
1756 2 0 0 0 0 0 1 0 0
1758 3 0 0 0 0 0 0 0 0
1760 3 0 0 1 0 0 0 0 0
1774 4 1 1 3 0 0 0 0 0
1775 2 0 0 1 0 0 1 0 0
1776 3 0 0 1 0 0 0 0 0
1787 4 1 1 1 0 0 1 0 0
1788 1 1 1 0 0 0 1 0 0
1789 6 0 0 0 0 0 2 0 0
1799 2 0 0 1 0 0 1 0 0
1800 2 0 0 1 0 0 0 0 0
1801 2 1 1 0 0 0 2 0 0
1803 2 0 0 1 0 0 0 0 0
1808 2 0 0 1 0 0 0 0 0
2038 3 0 0 1 1 1 0 0 0
2094 2 1 1 0 0 0 1 0 0
2098 2 1 1 1 0 0 1 0 0
2104 2 0 0 1 0 0 1 0 0
2107 2 0 0 1 0 0 0 0 0
2161 3 1 1 1 0 0 0 0 0
2168 1 0 0 1 0 0 0 0 0
2170 5 0 0 0 0 0 0 0 0
2171 1 0 0 1 0 0 0 0 0
2172 18 1 1 0 0 0 0 0 0
2174 8 0 0 8 1 0 0 0 0
2179 8 0 0 8 0 0 0 0 0
2181 10 1 1 0 0 0 0 0 0
2183 1 1 1 0 0 0 1 0 0
2184 1 0 0 1 0 0 0 0 0
2187 4 0 0 4 0 0 0 0 0
2189 8 0 0 4 1 0 0 0 0
2190 24 0 0 6 2 0 3 0 0
2194 10 1 1 5 1 0 0 0 0
2195 3 0 0 0 0 0 1 0 0
2197 4 1 1 0 0 0 0 0 0
2199 3 0 0 0 0 0 1 1 0
2205 2 0 0 1 0 0 0 0 0
2210 4 0 0 2 1 0 0 0 0
2212 1 0 0 1 0 0 0 0 0
2219 3 1 1 1 0 0 1 0 0
2222 2 0 0 1 0 0 0 0 0
2231 3 1 1 2 0 0 0 0 0
2233 4 0 0 1 0 0 0 0 0
2248 5 1 1 0 0 0 0 0 0
2250 1 0 0 1 0 0 0 0 0
2251 5 0 0 1 0 0 1 0 0
2252 4 0 0 0 0 0 0 0 0
2254 2 0 0 1 0 0 0 0 0
2262 1 0 0 0 0 0 1 0 0
2266 2 0 0 1 0 0 0 0 0
2286 4 1 1 0 0 0 1 0 0
2287 1 0 0 0 0 0 1 0 0
2288 1 0 0 0 0 0 1 0 0
2289 1 0 0 0 0 0 0 0 0
2293 1 0 0 0 0 0 1 0 0
2298 8 0 0 7 1 0 0 0 0
2464 2 0 0 1 0 0 1 1 1
2466 1 0 0 0 0 0 1 0 0
2467 1 0 0 0 0 0 0 0 0
2471 8 1 1 1 0 0 2 0 0
2473 15 0 0 3 0 0 3 1 1
2475 2 0 0 0 0 0 0 0 0
2477 105 1 1 21 0 0 0 0 0
2478 19 0 0 0 0 0 0 0 0
2480 4 0 0 0 0 0 0 0 0
2486 14 0 0 2 1 1 0 0 0
2507 2 1 1 1 0 0 0 0 0
2514 6 0 0 0 0 0 1 0 0
2516 3 1 1 0 0 0 1 0 0
2562 3 1 1 1 0 0 0 0 0
2563 6 1 1 0 0 0 1 0 0
2565 3 1 1 0 0 0 1 1 1
2635 3 2 2 1 0 0 0 0 0
2667 3 0 0 1 0 0 0 0 0
fn=handle_ld_preload
121 3 0 0 1 0 0 0 0 0
752 1 0 0 0 0 0 1 0 0
756 1 0 0 0 0 0 1 0 0
757 1 0 0 0 0 0 1 0 0
758 1 0 0 0 0 0 1 0 0
760 1 0 0 1 0 0 0 0 0
762 11 1 1 2 0 0 3 1 1
763 3 0 0 1 0 0 0 0 0
771 4 0 0 1 0 0 0 0 0
837 9 1 1 0 0 0 6 0 0
838 1 0 0 0 0 0 0 0 0
842 4 0 0 2 0 0 0 0 0
845 4 0 0 0 0 0 1 1 1
846 3 1 1 0 0 0 0 0 0
848 5 2 2 0 0 0 1 0 0
849 2 1 1 0 0 0 1 0 0
855 1 0 0 0 0 0 0 0 0
857 2 0 0 1 0 0 0 0 0
859 2 0 0 1 0 0 0 0 0
863 9 0 0 7 0 0 0 0 0
fn=init_tls
681 1 0 0 0 0 0 1 0 0
683 2 0 0 1 0 0 1 0 0
687 2 0 0 1 0 0 0 0 0
693 2 0 0 0 0 0 1 0 0
696 1 0 0 0 0 0 1 0 0
697 4 0 0 0 0 0 1 0 0
702 1 0 0 0 0 0 0 0 0
704 1 0 0 0 0 0 1 0 0
708 2 1 1 1 1 1 0 0 0
709 1 0 0 0 0 0 0 0 0
710 16 1 1 1 0 0 0 0 0
711 8 0 0 4 0 0 0 0 0
712 8 0 0 4 0 0 0 0 0
716 2 0 0 0 0 0 1 0 0
718 1 0 0 0 0 0 0 0 0
720 2 0 0 0 0 0 0 0 0
723 1 1 1 0 0 0 1 0 0
730 2 0 0 0 0 0 1 0 0
731 2 0 0 0 0 0 0 0 0
737 2 1 1 1 0 0 1 0 0
740 7 0 0 0 0 0 2 0 0
743 1 1 1 0 0 0 1 0 0
745 1 0 0 0 0 0 0 0 0
746 3 0 0 2 0 0 0 0 0
fn=map_doit
588 2 1 1 0 0 0 1 0 0
590 4 0 0 1 0 0 0 0 0
591 6 1 1 2 0 0 2 0 0
593 2 0 0 2 0 0 0 0 0
fn=rtld_lock_default_lock_recursive
784 5 1 1 5 2 1 0 0 0
785 5 0 0 5 0 0 0 0 0
fn=rtld_lock_default_unlock_recursive
790 5 0 0 5 1 0 0 0 0
791 5 0 0 5 0 0 0 0 0
fn=version_check_doit
621 2 1 1 0 0 0 1 0 0
623 6 0 0 2 0 0 1 0 0
627 2 1 0 2 0 0 0 0 0
fl=/build/glibc-OTsEL5/glibc-2.27/elf/setup-vdso.h
fn=dl_main
24 2 0 0 1 0 0 0 0 0
fl=/build/glibc-OTsEL5/glibc-2.27/io/../sysdeps/unix/sysv/linux/access.c
fn=access
27 7 2 2 0 0 0 1 0 0
31 1 0 0 1 0 0 0 0 0
fl=/build/glibc-OTsEL5/glibc-2.27/io/../sysdeps/unix/sysv/linux/close.c
fn=close
27 12 1 1 0 0 0 0 0 0
28 3 0 0 3 0 0 0 0 0
fl=/build/glibc-OTsEL5/glibc-2.27/io/../sysdeps/unix/sysv/linux/open64.c
fn=open
36 11 0 0 0 0 0 11 1 1
39 66 1 1 0 0 0 0 0 0
47 101 1 1 0 0 0 8 0 0
49 11 0 0 11 0 0 0 0 0
fl=/build/glibc-OTsEL5/glibc-2.27/io/../sysdeps/unix/sysv/linux/read.c
fn=read
27 8 1 1 0 0 0 0 0 0
28 2 0 0 2 0 0 0 0 0
fl=/build/glibc-OTsEL5/glibc-2.27/io/../sysdeps/unix/sysv/linux/wordsize-64/fxstat.c
fn=_fxstat
33 3 0 0 0 0 0 0 0 0
34 6 1 1 0 0 0 0 0 0
35 18 1 1 0 0 0 0 0 0
39 3 0 0 3 0 0 0 0 0
fl=/build/glibc-OTsEL5/glibc-2.27/io/../sysdeps/unix/sysv/linux/wordsize-64/lxstat.c
fn=open
39 11 1 1 0 0 0 0 0 0
fl=/build/glibc-OTsEL5/glibc-2.27/io/../sysdeps/unix/sysv/linux/wordsize-64/xstat.c
fn=_xstat
33 8 0 0 0 0 0 0 0 0
34 16 1 1 0 0 0 0 0 0
35 76 0 0 7 0 0 7 0 0
39 1 0 0 1 0 0 0 0 0
fl=/build/glibc-OTsEL5/glibc-2.27/libio/genops.c
fn=_IO_cleanup
849 7 1 1 1 0 0 2 0 0
850 13 2 2 5 0 0 2 0 0
853 12 0 0 4 0 0 0 0 0
855 9 0 0 3 0 0 0 0 0
857 6 0 0 2 0 0 0 0 0
863 1 0 0 1 0 0 0 0 0
887 1 1 1 1 0 0 0 0 0
893 3 0 0 0 0 0 3 0 0
897 9 1 1 2 0 0 2 0 0
898 2 1 1 0 0 0 0 0 0
918 10 1 1 1 0 0 7 0 0
921 3 1 1 0 0 0 2 0 0
933 12 1 1 10 0 0 0 0 0
fn=_IO_flush_all_lockp
749 11 2 2 1 0 0 7 0 0
750 1 0 0 0 0 0 0 0 0
754 8 1 1 1 0 0 3 0 0
755 13 2 2 5 1 1 2 0 0
758 12 0 0 4 4 4 0 0 0
760 3 1 1 0 0 0 3 0 0
761 6 1 1 0 0 0 0 0 0
762 1 1 1 1 0 0 0 0 0
764 22 2 2 10 6 6 0 0 0
772 6 1 1 0 0 0 0 0 0
774 3 0 0 0 0 0 3 0 0
778 9 0 0 2 0 0 2 0 0
779 3 1 1 1 0 0 0 0 0
783 12 0 0 9 0 0 0 0 0
fl=/build/glibc-OTsEL5/glibc-2.27/libio/libioP.h
fn=_IO_cleanup
870 4 1 1 0 0 0 0 0 0
fn=_IO_flush_all_lockp
870 4 0 0 0 0 0 0 0 0
fl=/build/glibc-OTsEL5/glibc-2.27/malloc/arena.c
fn=malloc_hook_ini
291 3 0 0 1 1 1 0 0 0
fn=ptmalloc_init.part.0
289 5 1 1 1 0 0 2 1 1
294 1 0 0 0 0 0 1 0 0
302 2 1 1 1 0 0 0 0 0
303 7 2 2 0 0 0 1 1 1
304 4 0 0 2 0 0 0 0 0
308 13 1 1 6 3 2 2 1 0
313 7 1 1 1 0 0 2 0 0
314 4 1 1 0 0 0 1 0 0
315 4 0 0 0 0 0 1 0 0
316 4 0 0 0 0 0 1 0 0
317 4 1 1 0 0 0 1 0 0
318 4 0 0 0 0 0 1 0 0
319 4 0 0 0 0 0 1 0 0
320 4 1 1 0 0 0 1 0 0
322 4 0 0 0 0 0 1 0 0
323 4 0 0 0 0 0 1 0 0
324 4 0 0 0 0 0 1 0 0
395 2 0 0 2 2 1 0 0 0
396 2 0 0 0 0 0 0 0 0
399 1 0 0 0 0 0 1 1 0
400 6 0 0 4 1 0 0 0 0
fn=sysmalloc
535 168 0 0 0 0 0 0 0 0
fl=/build/glibc-OTsEL5/glibc-2.27/malloc/hooks.c
fn=malloc_hook_ini
29 5 1 1 0 0 0 2 0 0
30 2 0 0 1 0 0 1 0 0
33 7 1 1 4 1 0 1 0 0
fl=/build/glibc-OTsEL5/glibc-2.27/malloc/malloc.c
fn=_int_free
1894 69 0 0 23 0 0 0 0 0
4139 230 1 1 23 1 0 161 0 0
4149 69 1 1 23 0 0 0 0 0
4155 92 0 0 0 0 0 0 0 0
4156 69 0 0 0 0 0 0 0 0
4160 92 0 0 0 0 0 0 0 0
4167 46 0 0 0 0 0 0 0 0
4169 115 1 1 46 0 0 0 0 0
4170 46 0 0 23 0 0 0 0 0
4184 46 1 1 23 0 0 0 0 0
4259 46 1 1 0 0 0 0 0 0
4265 115 1 1 23 0 0 0 0 0
4268 23 0 0 0 0 0 0 0 0
4272 69 0 0 23 0 0 0 0 0
4275 46 0 0 23 0 0 0 0 0
4280 69 0 0 23 0 0 0 0 0
4283 46 1 1 0 0 0 0 0 0
4284 46 0 0 0 0 0 0 0 0
4285 46 0 0 23 0 0 0 0 0
4291 46 0 0 23 0 0 0 0 0
4298 46 1 1 23 0 0 0 0 0
4303 69 0 0 46 0 0 0 0 0
4307 46 0 0 0 0 0 23 0 0
4315 23 0 0 0 0 0 0 0 0
4316 23 0 0 23 0 0 0 0 0
4317 69 0 0 23 0 0 0 0 0
4319 23 1 1 0 0 0 23 0 0
4320 23 0 0 0 0 0 23 0 0
4321 46 0 0 0 0 0 0 0 0
4323 23 0 0 0 0 0 23 22 22
4324 23 0 0 0 0 0 23 0 0
4326 23 0 0 0 0 0 23 0 0
4327 23 0 0 0 0 0 23 0 0
4329 69 0 0 0 0 0 23 0 0
4330 23 0 0 0 0 0 23 0 0
4360 46 1 1 0 0 0 0 0 0
4380 46 0 0 0 0 0 0 0 0
4390 253 1 1 207 0 0 0 0 0
fn=_int_malloc
1887 12003 3 3 4001 1 1 0 0 0
3521 28007 1 1 0 0 0 24006 0 0
3553 40010 1 1 0 0 0 0 0 0
3557 24006 0 0 0 0 0 4001 0 0
3581 8002 0 0 4001 0 0 0 0 0
3639 12002 1 1 0 0 0 0 0 0
3641 13 1 1 0 0 0 5 0 0
3642 4 1 1 0 0 0 0 0 0
3644 3 0 0 1 0 0 0 0 0
3701 136000 2 2 0 0 0 44000 0 0
3702 12000 0 0 4000 0 0 0 0 0
3703 20 2 2 0 0 0 5 0 0
3720 20003 1 1 4000 0 0 4001 0 0
3721 12003 0 0 0 0 0 0 0 0
3722 16004 1 1 8002 0 0 0 0 0
3726 12003 1 1 0 0 0 8002 0 0
3731 4001 0 0 0 0 0 0 0 0
3732 12049 1 1 0 0 0 0 0 0
3734 23 0 0 23 0 0 0 0 0
3735 69 0 0 23 0 0 0 0 0
3736 46 0 0 23 0 0 0 0 0
3739 23 0 0 0 0 0 0 0 0
3749 46 0 0 0 0 0 0 0 0
3752 16004 0 0 0 0 0 8002 0 0
3778 23 0 0 0 0 0 23 0 0
3779 23 1 1 0 0 0 23 0 0
3783 46 0 0 0 0 0 0 0 0
3792 12003 0 0 8002 1 0 4001 0 0
3812 46 0 0 0 0 0 0 0 0
3820 230 2 2 0 0 0 0 0 0
3821 92 0 0 0 0 0 0 0 0
3822 46 1 1 23 2 0 23 0 0
3825 46 0 0 0 0 0 0 0 0
3828 21 0 0 0 0 0 0 0 0
3830 84 0 0 42 0 0 0 0 0
3831 42 0 0 0 0 0 0 0 0
3843 105 2 2 63 0 0 0 0 0
3844 42 0 0 0 0 0 0 0 0
3850 21 0 0 0 0 0 0 0 0
3853 42 1 1 21 0 0 0 0 0
3861 42 0 0 21 0 0 0 0 0
3865 8 0 0 0 0 0 4 0 0
3868 138 1 1 23 0 0 0 0 0
3869 23 0 0 0 0 0 23 0 0
3870 23 0 0 0 0 0 23 0 0
3871 23 0 0 0 0 0 23 0 0
3872 23 0 0 0 0 0 23 0 0
3877 23 0 0 0 0 0 0 0 0
3878 46 0 0 0 0 0 0 0 0
3879 4001 0 0 4001 0 0 0 0 0
3887 115 1 1 23 0 0 0 0 0
3893 8002 1 1 0 0 0 0 0 0
3904 8002 1 1 0 0 0 0 0 0
3906 20000 0 0 4000 0 0 0 0 0
3909 12000 0 0 4000 0 0 0 0 0
3977 8002 1 1 4001 0 0 0 0 0
3978 8002 0 0 0 0 0 0 0 0
3979 8002 0 0 0 0 0 0 0 0
3980 8002 0 0 4001 0 0 0 0 0
3981 8002 0 0 0 0 0 0 0 0
3986 8023 1 1 0 0 0 21 0 0
3990 12008 2 2 0 0 0 0 0 0
3993 8 0 0 2 0 0 0 0 0
4090 4001 0 0 4001 0 0 0 0 0
4091 8002 0 0 4001 0 0 0 0 0
4093 12087 0 0 0 0 0 84 0 0
4095 7834 1 1 0 0 0 0 0 0
4096 3917 0 0 0 0 0 0 0 0
4097 3917 0 0 0 0 0 3917 0 0
4098 35253 1 1 0 0 0 3917 0 0
4100 11751 0 0 0 0 0 3917 3917 3917
4103 3917 0 0 0 0 0 0 0 0
4110 252 0 0 84 0 0 0 0 0
4125 336 1 1 0 0 0 84 0 0
4126 168 0 0 0 0 0 0 0 0
4131 36009 1 1 28007 0 0 0 0 0
fn=malloc
3028 12000 1 1 0 0 0 8000 0 0
3033 8000 0 0 8000 2 0 0 0 0
3034 8000 1 1 0 0 0 0 0 0
3035 2 1 1 1 0 0 0 0 0
3039 43989 1 1 0 0 0 0 0 0
3040 11997 1 1 0 0 0 0 0 0
3042 15996 0 0 7998 0 0 0 0 0
3045 7998 0 0 3999 0 0 0 0 0
3055 15996 0 0 3999 0 0 0 0 0
3057 15996 1 1 0 0 0 3999 0 0
3058 27993 0 0 3999 0 0 0 0 0
3081 19998 1 1 11999 0 0 0 0 0
fn=malloc_hook_ini
2983 5 0 0 2 1 0 2 0 0
3034 2 0 0 0 0 0 0 0 0
3039 11 2 2 0 0 0 0 0 0
3040 2 0 0 0 0 0 0 0 0
3042 4 0 0 2 1 0 0 0 0
3045 3 1 1 2 0 0 0 0 0
3055 4 1 1 1 0 0 0 0 0
3057 4 0 0 0 0 0 1 0 0
3058 7 1 1 1 0 0 0 0 0
fn=ptmalloc_init.part.0
1816 498 2 2 0 0 0 0 0 0
1817 384 1 1 2 0 0 129 33 32
1825 1 0 0 0 0 0 1 1 1
1826 1 0 0 0 0 0 1 1 1
1828 2 0 0 0 0 0 1 0 0
fn=sysmalloc
292 46 1 1 0 0 0 0 0 0
2274 672 1 1 0 0 0 504 0 0
2294 168 0 0 168 0 0 0 0 0
2305 168 1 1 0 0 0 0 0 0
2306 336 0 0 84 1 1 0 0 0
2321 336 0 0 0 0 0 84 0 0
2387 84 0 0 84 0 0 0 0 0
2388 252 0 0 84 0 0 0 0 0
2389 84 1 1 0 0 0 0 0 0
2398 751 0 0 0 0 0 0 0 0
2404 336 1 1 0 0 0 84 0 0
2407 252 0 0 0 0 0 0 0 0
2460 252 1 1 84 0 0 0 0 0
2468 168 1 1 84 0 0 0 0 0
2469 62 1 1 0 0 0 0 0 0
2479 504 0 0 0 0 0 168 0 0
2487 168 0 0 0 0 0 0 0 0
2489 420 0 0 168 2 0 168 0 0
2490 84 0 0 0 0 0 0 0 0
2493 252 0 0 84 0 0 0 0 0
2496 244 1 1 122 0 0 0 0 0
2497 122 0 0 0 0 0 0 0 0
2512 91 1 1 46 0 0 0 0 0
2513 74 1 1 1 0 0 1 0 0
2520 138 0 0 46 0 0 0 0 0
2522 184 1 1 0 0 0 46 0 0
2524 69 0 0 23 0 0 0 0 0
2536 23 0 0 23 0 0 0 0 0
2541 118 1 1 0 0 0 0 0 0
2543 168 0 0 84 0 0 0 0 0
2544 2 1 1 0 0 0 1 0 0
2545 252 0 0 84 0 0 84 0 0
2551 330 1 1 0 0 0 0 0 0
2552 300 0 0 60 0 0 60 0 0
2554 50 2 2 24 0 0 0 0 0
2581 23 0 0 0 0 0 0 0 0
2588 2 0 0 0 0 0 0 0 0
2594 3 0 0 0 0 0 0 0 0
2616 2 1 1 0 0 0 0 0 0
2617 6 0 0 1 0 0 0 0 0
2619 2 0 0 0 0 0 0 0 0
2620 4 0 0 2 0 0 2 0 0
2632 3 1 1 1 0 0 0 0 0
2640 2 1 1 2 0 0 0 0 0
2641 4 0 0 1 0 0 0 0 0
2651 46 0 0 0 0 0 0 0 0
2670 46 0 0 0 0 0 0 0 0
2677 23 0 0 0 0 0 0 0 0
2679 24 0 0 0 0 0 24 0 0
2680 96 0 0 0 0 0 24 24 24
2681 48 0 0 0 0 0 24 0 0
2692 48 1 1 0 0 0 0 0 0
2699 46 0 0 0 0 0 0 0 0
2700 69 0 0 0 0 0 23 0 0
2708 23 0 0 0 0 0 23 23 23
2710 23 0 0 0 0 0 23 0 0
2714 46 0 0 0 0 0 0 0 0
2716 115 0 0 0 0 0 23 0 0
2724 168 1 1 84 0 0 0 0 0
2725 84 0 0 0 0 0 84 0 0
2730 168 0 0 84 0 0 0 0 0
2733 168 1 1 84 0 0 0 0 0
2735 84 0 0 0 0 0 0 0 0
2736 84 0 0 0 0 0 0 0 0
2737 84 0 0 0 0 0 84 0 0
2738 672 0 0 0 0 0 84 0 0
2739 168 0 0 0 0 0 84 84 84
2741 168 1 1 0 0 0 0 0 0
2747 756 1 1 588 0 0 0 0 0
fn=tcache_init.part.4
2977 1 0 0 0 0 0 1 0 0
2986 10 2 2 4 1 0 0 0 0
2987 4 0 0 0 0 0 1 0 0
2988 2 1 1 0 0 0 0 0 0
2996 4 0 0 2 0 0 0 0 0
3003 2 0 0 0 0 0 0 0 0
3005 2 1 1 1 0 0 1 0 0
3006 80 0 0 0 0 0 73 8 8
3009 2 0 0 2 0 0 0 0 0
fl=/build/glibc-OTsEL5/glibc-2.27/malloc/morecore.c
fn=__default_morecore
46 85 1 1 0 0 0 0 0 0
47 85 0 0 0 0 0 85 0 0
49 255 0 0 0 0 0 0 0 0
52 170 0 0 85 0 0 0 0 0
fl=/build/glibc-OTsEL5/glibc-2.27/misc/../sysdeps/unix/syscall-template.S
fn=mprotect
78 24 1 1 0 0 0 0 0 0
79 6 0 0 6 0 0 0 0 0
fn=munmap
78 4 0 0 0 0 0 0 0 0
79 1 0 0 1 0 0 0 0 0
fl=/build/glibc-OTsEL5/glibc-2.27/misc/../sysdeps/unix/sysv/linux/mmap64.c
fn=mmap
41 360 0 0 0 0 0 180 0 0
44 60 2 2 0 0 0 0 0 0
47 118 3 3 2 0 0 0 0 0
52 300 1 1 0 0 0 0 0 0
54 210 0 0 210 0 0 0 0 0
fl=/build/glibc-OTsEL5/glibc-2.27/misc/../sysdeps/unix/sysv/linux/x86_64/brk.c
fn=brk
31 680 2 2 85 0 0 85 0 0
33 170 0 0 0 0 0 0 0 0
35 46 0 0 23 0 0 23 0 0
36 23 0 0 0 0 0 0 0 0
39 85 0 0 0 0 0 0 0 0
40 85 0 0 85 0 0 0 0 0
fl=/build/glibc-OTsEL5/glibc-2.27/misc/init-misc.c
fn=__init_misc
30 3 0 0 0 0 0 2 0 0
31 6 2 2 1 0 0 0 0 0
33 3 0 0 0 0 0 1 0 0
37 5 0 0 1 1 0 1 1 0
38 3 0 0 2 0 0 1 0 0
40 4 0 0 3 0 0 0 0 0
fl=/build/glibc-OTsEL5/glibc-2.27/misc/sbrk.c
fn=sbrk
32 340 1 1 0 0 0 255 0 0
40 592 0 0 254 3 0 0 0 0
41 5 1 1 1 0 0 1 0 0
44 170 0 0 0 0 0 0 0 0
48 504 0 0 0 0 0 0 0 0
53 23 0 0 0 0 0 0 0 0
56 336 1 1 0 0 0 84 0 0
60 425 0 0 340 0 0 0 0 0
fl=/build/glibc-OTsEL5/glibc-2.27/nptl/unregister-atfork.c
fn=__unregister_atfork
28 14 1 1 2 0 0 6 0 0
36 2 0 0 2 1 1 0 0 0
39 4 0 0 0 0 0 0 0 0
121 12 1 1 10 0 0 0 0 0
fl=/build/glibc-OTsEL5/glibc-2.27/posix/../sysdeps/unix/syscall-template.S
fn=uname
78 4 1 1 0 0 0 0 0 0
79 1 0 0 1 0 0 0 0 0
fl=/build/glibc-OTsEL5/glibc-2.27/posix/../sysdeps/unix/sysv/linux/_exit.c
fn=_Exit
27 2 1 1 1 1 1 0 0 0
31 4 1 1 0 0 0 0 0 0
33 2 0 0 0 0 0 0 0 0
fl=/build/glibc-OTsEL5/glibc-2.27/setjmp/../sysdeps/x86_64/bsd-_setjmp.S
fn=_setjmp
30 1 1 1 0 0 0 0 0 0
32 1 0 0 0 0 0 0 0 0
fl=/build/glibc-OTsEL5/glibc-2.27/setjmp/../sysdeps/x86_64/setjmp.S
fn=__sigsetjmp
26 4 2 2 0 0 0 4 0 0
35 4 0 0 0 0 0 0 0 0
36 8 1 1 4 0 0 0 0 0
37 4 0 0 0 0 0 4 0 0
41 4 0 0 0 0 0 4 1 1
42 4 0 0 0 0 0 4 0 0
43 4 0 0 0 0 0 4 0 0
44 4 0 0 0 0 0 4 0 0
45 4 0 0 0 0 0 0 0 0
47 8 1 1 4 0 0 0 0 0
49 4 0 0 0 0 0 4 0 0
50 4 0 0 4 0 0 0 0 0
51 4 0 0 0 0 0 0 0 0
53 8 0 0 4 0 0 0 0 0
55 4 1 1 0 0 0 4 0 0
59 3 0 0 0 0 0 0 0 0
60 3 0 0 3 0 0 0 0 0
63 1 0 0 0 0 0 0 0 0
fl=/build/glibc-OTsEL5/glibc-2.27/setjmp/sigjmp.c
fn=__sigjmp_save
28 2 0 0 0 0 0 1 0 0
29 3 0 0 0 0 0 1 0 0
34 3 0 0 2 0 0 0 0 0
fl=/build/glibc-OTsEL5/glibc-2.27/stdlib/cxa_atexit.c
fn=__cxa_atexit
39 7 1 1 2 2 2 0 0 0
40 2 1 1 0 0 0 1 0 0
42 2 0 0 0 0 0 0 0 0
49 2 0 0 1 0 0 0 0 0
51 1 0 0 0 0 0 1 0 0
52 1 0 0 0 0 0 1 0 0
53 1 0 0 0 0 0 1 0 0
54 1 0 0 0 0 0 1 0 0
55 4 1 1 2 0 0 0 0 0
56 1 0 0 0 0 0 0 0 0
65 8 1 1 0 0 0 4 0 0
67 6 0 0 5 0 0 0 0 0
fn=__new_exitfn
78 3 0 0 0 0 0 2 0 0
79 2 0 0 0 0 0 0 0 0
84 2 1 1 1 1 0 0 0 0
89 8 2 2 2 1 0 0 0 0
91 3 0 0 1 1 0 0 0 0
99 2 0 0 0 0 0 1 0 0
120 1 1 1 0 0 0 0 0 0
121 2 0 0 0 0 0 1 0 0
134 1 1 1 0 0 0 1 0 0
135 1 0 0 1 0 0 0 0 0
139 4 0 0 3 0 0 0 0 0
fl=/build/glibc-OTsEL5/glibc-2.27/stdlib/cxa_finalize.c
fn=__cxa_finalize
30 16 1 1 0 0 0 12 0 0
33 14 1 1 4 0 0 0 0 0
36 12 1 1 4 0 0 0 0 0
40 14 1 1 2 0 0 0 0 0
94 16 2 2 4 0 0 0 0 0
98 12 0 0 2 1 1 0 0 0
106 4 0 0 0 0 0 0 0 0
107 4 0 0 0 0 0 2 0 0
109 8 1 1 4 0 0 0 0 0
110 16 0 0 14 0 0 0 0 0
fl=/build/glibc-OTsEL5/glibc-2.27/stdlib/cxa_thread_atexit_impl.c
fn=__call_tls_dtors
145 3 1 1 0 0 0 2 0 0
146 4 1 1 2 2 2 0 0 0
164 4 1 1 3 0 0 0 0 0
fl=/build/glibc-OTsEL5/glibc-2.27/stdlib/exit.c
fn=__run_exit_handlers
40 10 1 1 0 0 0 7 1 0
45 3 0 0 0 0 0 0 0 0
46 2 0 0 0 0 0 1 0 0
53 1 1 1 0 0 0 0 0 0
56 14 1 1 4 2 2 0 0 0
59 2 0 0 2 1 1 0 0 0
61 5 0 0 0 0 0 0 0 0
65 1 0 0 0 0 0 1 1 1
66 4 0 0 2 0 0 0 0 0
70 6 1 1 2 1 1 0 0 0
72 2 0 0 0 0 0 1 0 0
73 1 0 0 1 0 0 0 0 0
76 4 1 1 2 0 0 0 0 0
77 8 2 2 1 0 0 0 0 0
103 1 0 0 0 0 0 1 0 0
106 3 0 0 2 0 0 0 0 0
108 3 1 1 1 0 0 1 0 0
109 1 0 0 0 0 0 0 0 0
112 6 0 0 2 0 0 0 0 0
114 2 0 0 1 0 0 0 0 0
120 2 0 0 1 0 0 1 0 0
121 2 0 0 0 0 0 0 0 0
126 4 0 0 2 0 0 0 0 0
129 2 1 1 1 0 0 0 0 0
130 14 0 0 1 1 1 1 0 0
132 2 0 0 0 0 0 1 0 0
fn=exit
138 1 0 0 0 0 0 0 0 0
139 4 1 1 0 0 0 1 0 0
fl=/build/glibc-OTsEL5/glibc-2.27/string/../bits/stdlib-bsearch.h
fn=intel_check_word.isra.0
27 24 0 0 0 0 0 0 0 0
28 12 0 0 0 0 0 0 0 0
29 288 1 1 0 0 0 0 0 0
31 162 0 0 0 0 0 0 0 0
32 81 0 0 0 0 0 0 0 0
37 15 0 0 0 0 0 0 0 0
fl=/build/glibc-OTsEL5/glibc-2.27/string/../sysdeps/x86/cacheinfo.c
fn=handle_intel.constprop.1
259 30 1 1 3 0 0 21 1 0
261 3 0 0 3 0 0 0 0 0
264 9 0 0 3 0 0 0 0 0
270 3 1 1 0 0 0 3 0 0
272 3 0 0 0 0 0 3 0 0
273 3 0 0 0 0 0 3 0 0
275 12 0 0 0 0 0 0 0 0
281 15 0 0 0 0 0 6 0 0
286 6 0 0 0 0 0 0 0 0
288 6 1 1 0 0 0 3 0 0
289 3 0 0 0 0 0 0 0 0
293 18 0 0 0 0 0 3 0 0
295 6 0 0 0 0 0 0 0 0
298 21 1 1 0 0 0 3 0 0
300 6 0 0 0 0 0 0 0 0
319 33 2 2 27 0 0 0 0 0
fn=init_cacheinfo
488 7 1 1 0 0 0 6 0 0
500 2 1 1 1 0 0 1 0 0
502 6 1 1 4 0 0 0 0 0
504 3 0 0 0 0 0 1 0 0
506 3 1 1 0 0 0 2 0 0
510 1 0 0 0 0 0 1 0 0
511 3 0 0 0 0 0 1 0 0
519 2 0 0 0 0 0 0 0 0
530 1 0 0 0 0 0 0 0 0
535 3 0 0 1 0 0 0 0 0
539 2 1 1 1 0 0 0 0 0
547 9 0 0 0 0 0 0 0 0
550 14 1 1 0 0 0 0 0 0
556 8 0 0 0 0 0 0 0 0
559 26 0 0 0 0 0 0 0 0
564 2 0 0 0 0 0 0 0 0
568 4 1 1 0 0 0 0 0 0
569 1 0 0 0 0 0 0 0 0
573 2 0 0 0 0 0 0 0 0
577 3 0 0 0 0 0 0 0 0
580 3 0 0 0 0 0 0 0 0
581 1 0 0 0 0 0 0 0 0
586 8 0 0 0 0 0 0 0 0
592 2 1 1 1 0 0 0 0 0
600 8 0 0 1 0 0 0 0 0
602 7 1 1 0 0 0 0 0 0
604 7 1 1 0 0 0 0 0 0
606 6 0 0 0 0 0 0 0 0
609 2 0 0 0 0 0 0 0 0
610 8 0 0 0 0 0 0 0 0
612 4 0 0 0 0 0 0 0 0
615 2 0 0 0 0 0 0 0 0
620 1 0 0 0 0 0 0 0 0
622 4 0 0 0 0 0 0 0 0
623 3 1 1 0 0 0 0 0 0
624 1 0 0 0 0 0 0 0 0
627 2 0 0 0 0 0 0 0 0
630 3 1 1 0 0 0 0 0 0
634 2 0 0 1 0 0 0 0 0
637 1 0 0 0 0 0 0 0 0
639 4 0 0 0 0 0 0 0 0
640 1 0 0 0 0 0 0 0 0
645 2 1 1 0 0 0 0 0 0
650 2 0 0 0 0 0 0 0 0
651 1 0 0 0 0 0 0 0 0
652 2 0 0 0 0 0 0 0 0
653 1 0 0 0 0 0 0 0 0
654 2 0 0 1 0 0 0 0 0
691 4 0 0 0 0 0 0 0 0
692 5 0 0 0 0 0 0 0 0
696 2 1 1 0 0 0 0 0 0
755 2 0 0 0 0 0 0 0 0
758 2 1 1 0 0 0 0 0 0
760 3 0 0 0 0 0 1 0 0
761 1 0 0 0 0 0 1 1 1
763 1 0 0 0 0 0 0 0 0
764 3 0 0 0 0 0 1 0 0
765 1 0 0 0 0 0 1 0 0
768 2 0 0 0 0 0 0 0 0
771 2 0 0 0 0 0 0 0 0
773 3 0 0 0 0 0 1 0 0
774 1 1 1 0 0 0 1 1 1
776 1 0 0 0 0 0 0 0 0
777 3 0 0 0 0 0 1 0 0
778 1 0 0 0 0 0 1 0 0
786 2 0 0 1 0 0 1 1 1
788 8 0 0 1 0 0 0 0 0
789 8 0 0 7 0 0 0 0 0
fn=intel_check_word.isra.0
119 162 0 0 81 6 6 0 0 0
122 81 0 0 0 0 0 0 0 0
128 36 0 0 0 0 0 24 0 0
132 12 1 1 0 0 0 0 0 0
134 3 1 1 0 0 0 0 0 0
138 42 0 0 0 0 0 0 0 0
140 48 1 1 0 0 0 0 0 0
142 15 0 0 0 0 0 0 0 0
144 30 0 0 0 0 0 0 0 0
152 30 0 0 0 0 0 0 0 0
161 13 1 1 0 0 0 0 0 0
164 30 1 1 0 0 0 0 0 0
167 24 0 0 0 0 0 0 0 0
171 16 0 0 0 0 0 0 0 0
173 36 0 0 0 0 0 0 0 0
175 14 0 0 0 0 0 0 0 0
177 8 0 0 0 0 0 0 0 0
178 14 0 0 0 0 0 0 0 0
179 10 0 0 0 0 0 0 0 0
181 3 1 1 0 0 0 0 0 0
183 6 0 0 0 0 0 0 0 0
185 9 1 1 0 0 0 0 0 0
186 12 1 1 0 0 0 0 0 0
187 9 0 0 0 0 0 0 0 0
188 15 0 0 0 0 0 0 0 0
196 5 0 0 0 0 0 0 0 0
203 24 0 0 0 0 0 0 0 0
225 12 1 1 0 0 0 0 0 0
250 12 0 0 0 0 0 0 0 0
255 36 0 0 30 0 0 0 0 0
fl=/build/glibc-OTsEL5/glibc-2.27/string/../sysdeps/x86_64/memcmp.S
fn=bcmp
24 2 1 1 0 0 0 0 0 0
25 2 0 0 0 0 0 0 0 0
26 2 0 0 0 0 0 0 0 0
27 2 0 0 0 0 0 0 0 0
28 2 0 0 0 0 0 0 0 0
29 2 0 0 0 0 0 0 0 0
30 2 0 0 0 0 0 0 0 0
31 2 0 0 0 0 0 0 0 0
34 2 0 0 0 0 0 0 0 0
35 2 0 0 0 0 0 0 0 0
36 1 0 0 1 0 0 0 0 0
37 1 0 0 1 1 1 0 0 0
38 1 0 0 0 0 0 0 0 0
39 1 0 0 0 0 0 0 0 0
40 1 0 0 0 0 0 0 0 0
41 1 0 0 0 0 0 0 0 0
42 1 0 0 0 0 0 0 0 0
44 2 1 1 0 0 0 0 0 0
45 2 0 0 0 0 0 0 0 0
46 1 0 0 1 0 0 0 0 0
47 1 0 0 1 0 0 0 0 0
48 1 0 0 0 0 0 0 0 0
49 1 0 0 0 0 0 0 0 0
50 1 0 0 0 0 0 0 0 0
51 1 0 0 0 0 0 0 0 0
52 1 0 0 0 0 0 0 0 0
54 2 0 0 0 0 0 0 0 0
55 2 0 0 0 0 0 0 0 0
56 2 1 1 2 0 0 0 0 0
57 2 0 0 2 1 1 0 0 0
58 2 0 0 0 0 0 0 0 0
59 2 0 0 0 0 0 0 0 0
60 1 0 0 0 0 0 0 0 0
61 1 0 0 0 0 0 0 0 0
62 1 0 0 0 0 0 0 0 0
64 1 0 0 0 0 0 0 0 0
65 1 0 0 0 0 0 0 0 0
66 1 0 0 1 0 0 0 0 0
67 1 0 0 1 0 0 0 0 0
68 1 0 0 0 0 0 0 0 0
69 1 0 0 0 0 0 0 0 0
98 2 1 1 0 0 0 0 0 0
99 2 0 0 0 0 0 0 0 0
114 2 1 1 0 0 0 0 0 0
115 2 0 0 2 0 0 0 0 0
fl=/build/glibc-OTsEL5/glibc-2.27/string/../sysdeps/x86_64/multiarch/../strchr.S
fn=index
24 6 1 1 0 0 0 0 0 0
25 6 0 0 0 0 0 0 0 0
26 6 0 0 0 0 0 0 0 0
27 6 0 0 0 0 0 0 0 0
28 6 0 0 0 0 0 0 0 0
29 6 0 0 0 0 0 0 0 0
30 6 0 0 0 0 0 0 0 0
31 6 0 0 0 0 0 0 0 0
32 6 0 0 6 2 2 0 0 0
33 6 0 0 0 0 0 0 0 0
34 6 0 0 0 0 0 0 0 0
35 6 1 1 0 0 0 0 0 0
36 6 0 0 0 0 0 0 0 0
37 6 0 0 0 0 0 0 0 0
38 6 0 0 0 0 0 0 0 0
39 6 0 0 0 0 0 0 0 0
40 6 0 0 0 0 0 0 0 0
41 4 0 0 0 0 0 0 0 0
45 4 0 0 0 0 0 0 0 0
46 4 0 0 0 0 0 0 0 0
47 4 0 0 4 0 0 0 0 0
48 4 0 0 0 0 0 0 0 0
50 4 0 0 4 0 0 0 0 0
54 2 0 0 2 0 0 0 0 0
55 2 0 0 0 0 0 0 0 0
56 2 0 0 0 0 0 0 0 0
57 2 0 0 0 0 0 0 0 0
58 2 0 0 0 0 0 0 0 0
59 2 1 1 0 0 0 0 0 0
60 2 0 0 2 1 1 0 0 0
61 2 0 0 0 0 0 0 0 0
62 2 0 0 0 0 0 0 0 0
63 2 0 0 0 0 0 0 0 0
64 2 0 0 0 0 0 0 0 0
65 2 0 0 0 0 0 0 0 0
66 2 0 0 0 0 0 0 0 0
67 2 0 0 2 1 1 0 0 0
68 2 0 0 0 0 0 0 0 0
69 2 0 0 0 0 0 0 0 0
70 2 0 0 0 0 0 0 0 0
71 2 0 0 0 0 0 0 0 0
72 2 0 0 0 0 0 0 0 0
73 2 0 0 0 0 0 0 0 0
74 2 0 0 0 0 0 0 0 0
75 2 1 1 0 0 0 0 0 0
76 2 0 0 0 0 0 0 0 0
77 2 0 0 0 0 0 0 0 0
129 2 1 1 0 0 0 0 0 0
133 2 0 0 0 0 0 0 0 0
134 2 0 0 0 0 0 0 0 0
135 2 0 0 2 0 0 0 0 0
136 2 1 1 0 0 0 0 0 0
138 2 0 0 2 0 0 0 0 0
fl=/build/glibc-OTsEL5/glibc-2.27/string/../sysdeps/x86_64/multiarch/../strlen.S
fn=strlen
79 14 1 1 0 0 0 0 0 0
80 14 0 0 0 0 0 0 0 0
81 14 0 0 0 0 0 0 0 0
82 14 0 0 0 0 0 0 0 0
83 14 1 1 0 0 0 0 0 0
84 14 0 0 0 0 0 0 0 0
85 14 0 0 0 0 0 0 0 0
87 14 0 0 0 0 0 0 0 0
89 14 0 0 0 0 0 0 0 0
120 14 0 0 14 3 3 0 0 0
121 14 0 0 0 0 0 0 0 0
122 14 0 0 0 0 0 0 0 0
123 14 0 0 0 0 0 0 0 0
124 14 0 0 0 0 0 0 0 0
125 8 0 0 0 0 0 0 0 0
127 8 0 0 8 0 0 0 0 0
131 6 0 0 0 0 0 0 0 0
132 6 0 0 6 0 0 0 0 0
133 6 0 0 6 1 1 0 0 0
134 6 0 0 6 0 0 0 0 0
135 6 1 1 0 0 0 0 0 0
136 6 0 0 0 0 0 0 0 0
137 6 0 0 0 0 0 0 0 0
138 6 0 0 0 0 0 0 0 0
139 6 0 0 0 0 0 0 0 0
140 6 0 0 0 0 0 0 0 0
141 6 0 0 0 0 0 0 0 0
142 6 0 0 0 0 0 0 0 0
147 48 0 0 6 0 0 0 0 0
fl=/build/glibc-OTsEL5/glibc-2.27/string/../sysdeps/x86_64/multiarch/ifunc-avx2.h
fn=memchr
30 4 0 0 0 0 0 0 0 0
32 3 1 1 2 0 0 0 0 0
fn=memrchr
30 4 0 0 0 0 0 0 0 0
32 3 1 1 2 0 0 0 0 0
fn=rawmemchr
30 4 0 0 0 0 0 0 0 0
32 3 1 1 2 0 0 0 0 0
fn=rindex
30 4 0 0 0 0 0 0 0 0
32 3 1 1 2 0 0 0 0 0
fn=strchrnul
30 4 0 0 0 0 0 0 0 0
32 3 1 1 2 0 0 0 0 0
fn=strlen
30 4 0 0 0 0 0 0 0 0
32 3 1 1 2 0 0 0 0 0
fn=strnlen
30 8 1 1 0 0 0 0 0 0
32 6 1 1 4 0 0 0 0 0
fl=/build/glibc-OTsEL5/glibc-2.27/string/../sysdeps/x86_64/multiarch/ifunc-memcmp.h
fn=bcmp
32 2 0 0 0 0 0 0 0 0
33 5 1 1 3 0 0 0 0 0
34 2 0 0 0 0 0 0 0 0
35 3 0 0 0 0 0 0 0 0
fl=/build/glibc-OTsEL5/glibc-2.27/string/../sysdeps/x86_64/multiarch/ifunc-memmove.h
fn=memcpy@@GLIBC_2.14
44 5 1 1 2 0 0 0 0 0
47 2 0 0 0 0 0 0 0 0
48 2 1 1 0 0 0 0 0 0
59 2 0 0 0 0 0 0 0 0
61 5 1 1 2 0 0 0 0 0
fn=memmove
44 10 2 2 4 1 0 0 0 0
47 4 0 0 0 0 0 0 0 0
48 4 0 0 0 0 0 0 0 0
59 4 0 0 0 0 0 0 0 0
61 10 1 1 4 1 0 0 0 0
fn=mempcpy
44 5 1 1 2 0 0 0 0 0
47 2 0 0 0 0 0 0 0 0
48 2 1 1 0 0 0 0 0 0
59 2 0 0 0 0 0 0 0 0
61 5 1 1 2 0 0 0 0 0
fl=/build/glibc-OTsEL5/glibc-2.27/string/../sysdeps/x86_64/multiarch/ifunc-memset.h
fn=memset
42 5 1 1 2 0 0 0 0 0
45 4 0 0 1 0 0 0 0 0
46 2 0 0 0 0 0 0 0 0
57 2 0 0 0 0 0 0 0 0
59 5 1 1 1 0 0 0 0 0
fl=/build/glibc-OTsEL5/glibc-2.27/string/../sysdeps/x86_64/multiarch/ifunc-sse4_2.h
fn=strcspn
30 5 2 2 2 0 0 0 0 0
fn=strpbrk
30 5 0 0 2 0 0 0 0 0
fn=strspn
30 5 1 1 2 0 0 0 0 0
fl=/build/glibc-OTsEL5/glibc-2.27/string/../sysdeps/x86_64/multiarch/ifunc-strcasecmp.h
fn=strcasecmp
32 5 1 1 2 0 0 0 0 0
fn=strcasecmp_l
32 5 1 1 2 0 0 0 0 0
fn=strncasecmp
32 5 0 0 2 0 0 0 0 0
fn=strncasecmp_l
32 5 1 1 2 0 0 0 0 0
fl=/build/glibc-OTsEL5/glibc-2.27/string/../sysdeps/x86_64/multiarch/ifunc-unaligned-ssse3.h
fn=stpcpy
33 4 1 1 2 0 0 0 0 0
36 4 0 0 1 0 0 0 0 0
fn=stpncpy
33 4 1 1 2 0 0 0 0 0
36 4 0 0 1 0 0 0 0 0
fn=strcat
33 4 1 1 2 0 0 0 0 0
36 4 0 0 1 0 0 0 0 0
fn=strcpy
33 4 0 0 2 0 0 0 0 0
36 4 0 0 1 0 0 0 0 0
fn=strncpy
33 4 1 1 2 0 0 0 0 0
36 4 0 0 1 0 0 0 0 0
fl=/build/glibc-OTsEL5/glibc-2.27/string/../sysdeps/x86_64/multiarch/memchr.c
fn=memchr
29 1 0 0 1 0 0 0 0 0
fl=/build/glibc-OTsEL5/glibc-2.27/string/../sysdeps/x86_64/multiarch/memcmp.c
fn=bcmp
29 1 0 0 1 0 0 0 0 0
fl=/build/glibc-OTsEL5/glibc-2.27/string/../sysdeps/x86_64/multiarch/memmove-vec-unaligned-erms.S
fn=memcpy
129 14 1 1 0 0 0 0 0 0
131 40 0 0 0 0 0 0 0 0
132 40 0 0 0 0 0 0 0 0
133 12 0 0 0 0 0 0 0 0
134 12 0 0 0 0 0 0 0 0
139 8 0 0 8 1 0 0 0 0
140 8 0 0 8 0 0 0 0 0
141 8 0 0 0 0 0 8 4 4
142 8 0 0 0 0 0 8 0 0
147 8 0 0 8 0 0 0 0 0
267 28 0 0 0 0 0 0 0 0
268 28 0 0 0 0 0 0 0 0
269 9 0 0 0 0 0 0 0 0
270 9 0 0 0 0 0 0 0 0
271 4 0 0 0 0 0 0 0 0
272 4 0 0 0 0 0 0 0 0
273 2 0 0 0 0 0 0 0 0
274 1 0 0 1 0 0 0 0 0
275 1 0 0 0 0 0 1 1 1
277 2 0 0 2 0 0 0 0 0
299 19 0 0 19 0 0 0 0 0
300 19 0 0 19 0 0 0 0 0
301 19 0 0 0 0 0 19 2 2
302 19 0 0 0 0 0 19 0 0
303 19 0 0 19 0 0 0 0 0
306 5 0 0 5 0 0 0 0 0
307 5 0 0 5 0 0 0 0 0
308 5 0 0 0 0 0 5 0 0
309 5 0 0 0 0 0 5 0 0
310 5 0 0 5 0 0 0 0 0
313 2 1 1 2 1 1 0 0 0
314 2 0 0 2 0 0 0 0 0
315 2 0 0 0 0 0 2 1 1
316 2 0 0 0 0 0 2 0 0
317 2 0 0 2 0 0 0 0 0
327 4 0 0 0 0 0 0 0 0
328 4 0 0 0 0 0 0 0 0
329 4 0 0 0 0 0 0 0 0
330 4 0 0 0 0 0 0 0 0
352 4 1 1 4 0 0 0 0 0
353 4 1 1 4 0 0 0 0 0
354 4 0 0 4 0 0 0 0 0
355 4 0 0 4 0 0 0 0 0
356 4 0 0 0 0 0 4 2 2
357 4 0 0 0 0 0 4 0 0
358 4 0 0 0 0 0 4 2 2
359 4 0 0 0 0 0 4 0 0
361 4 0 0 4 0 0 0 0 0
fn=mempcpy
116 26 1 1 0 0 0 0 0 0
117 26 0 0 0 0 0 0 0 0
118 26 0 0 0 0 0 0 0 0
fl=/build/glibc-OTsEL5/glibc-2.27/string/../sysdeps/x86_64/multiarch/memrchr.c
fn=memrchr
29 1 0 0 1 0 0 0 0 0
fl=/build/glibc-OTsEL5/glibc-2.27/string/../sysdeps/x86_64/multiarch/memset-vec-unaligned-erms.S
fn=memset
109 65 1 1 0 0 0 0 0 0
111 13 0 0 0 0 0 0 0 0
112 13 0 0 0 0 0 0 0 0
113 6 1 1 0 0 0 0 0 0
114 6 0 0 0 0 0 0 0 0
116 4 0 0 0 0 0 4 2 2
117 4 0 0 0 0 0 4 0 0
119 4 0 0 4 0 0 0 0 0
174 2 0 0 0 0 0 0 0 0
175 2 0 0 0 0 0 0 0 0
185 2 0 0 0 0 0 0 0 0
186 2 0 0 0 0 0 2 2 2
187 2 0 0 0 0 0 0 0 0
188 2 0 0 0 0 0 2 2 2
189 2 1 1 0 0 0 2 0 0
190 2 0 0 0 0 0 2 0 0
191 2 0 0 0 0 0 2 1 1
192 2 0 0 0 0 0 2 0 0
193 2 0 0 0 0 0 2 0 0
194 2 0 0 0 0 0 2 0 0
195 2 0 0 0 0 0 0 0 0
196 2 0 0 0 0 0 0 0 0
197 2 0 0 0 0 0 0 0 0
198 2 0 0 0 0 0 0 0 0
200 31 0 0 0 0 0 31 28 28
201 31 0 0 0 0 0 31 0 0
202 31 0 0 0 0 0 31 0 0
203 31 0 0 0 0 0 31 0 0
204 31 0 0 0 0 0 0 0 0
205 31 0 0 0 0 0 0 0 0
206 31 0 0 0 0 0 0 0 0
207 2 0 0 2 0 0 0 0 0
222 7 1 1 0 0 0 0 0 0
223 7 0 0 0 0 0 0 0 0
224 7 0 0 0 0 0 0 0 0
225 6 0 0 0 0 0 0 0 0
226 6 0 0 0 0 0 0 0 0
227 2 0 0 0 0 0 0 0 0
228 2 0 0 0 0 0 0 0 0
252 1 0 0 0 0 0 1 1 1
253 1 0 0 0 0 0 1 0 0
255 1 0 0 1 0 0 0 0 0
258 4 0 0 0 0 0 4 0 0
259 4 0 0 0 0 0 4 0 0
261 4 0 0 4 0 0 0 0 0
264 2 0 0 0 0 0 2 0 0
265 2 0 0 0 0 0 2 0 0
267 2 0 0 2 0 0 0 0 0
fl=/build/glibc-OTsEL5/glibc-2.27/string/../sysdeps/x86_64/multiarch/rawmemchr.c
fn=rawmemchr
31 1 0 0 1 0 0 0 0 0
fl=/build/glibc-OTsEL5/glibc-2.27/string/../sysdeps/x86_64/multiarch/stpcpy.c
fn=stpcpy
33 1 0 0 1 0 0 0 0 0
fl=/build/glibc-OTsEL5/glibc-2.27/string/../sysdeps/x86_64/multiarch/stpncpy.c
fn=stpncpy
31 1 0 0 1 0 0 0 0 0
fl=/build/glibc-OTsEL5/glibc-2.27/string/../sysdeps/x86_64/multiarch/strcasecmp.c
fn=strcasecmp
31 1 1 1 1 0 0 0 0 0
fl=/build/glibc-OTsEL5/glibc-2.27/string/../sysdeps/x86_64/multiarch/strcasecmp_l.c
fn=strcasecmp_l
31 1 0 0 1 0 0 0 0 0
fl=/build/glibc-OTsEL5/glibc-2.27/string/../sysdeps/x86_64/multiarch/strcat.c
fn=strcat
29 1 0 0 1 0 0 0 0 0
fl=/build/glibc-OTsEL5/glibc-2.27/string/../sysdeps/x86_64/multiarch/strchr.c
fn=index
38 3 0 0 0 0 0 0 0 0
40 4 1 1 2 0 0 0 0 0
49 1 0 0 1 0 0 0 0 0
fl=/build/glibc-OTsEL5/glibc-2.27/string/../sysdeps/x86_64/multiarch/strchrnul.c
fn=strchrnul
31 1 0 0 1 0 0 0 0 0
fl=/build/glibc-OTsEL5/glibc-2.27/string/../sysdeps/x86_64/multiarch/strcmp.c
fn=strcmp
38 4 1 1 2 0 0 0 0 0
41 4 0 0 1 0 0 0 0 0
47 1 0 0 1 0 0 0 0 0
fl=/build/glibc-OTsEL5/glibc-2.27/string/../sysdeps/x86_64/multiarch/strcpy.c
fn=strcpy
29 1 0 0 1 0 0 0 0 0
fl=/build/glibc-OTsEL5/glibc-2.27/string/../sysdeps/x86_64/multiarch/strcspn.c
fn=strcspn
29 1 0 0 1 0 0 0 0 0
fl=/build/glibc-OTsEL5/glibc-2.27/string/../sysdeps/x86_64/multiarch/strlen.c
fn=strlen
29 1 0 0 1 0 0 0 0 0
fl=/build/glibc-OTsEL5/glibc-2.27/string/../sysdeps/x86_64/multiarch/strncase.c
fn=strncasecmp
31 1 1 1 1 0 0 0 0 0
fl=/build/glibc-OTsEL5/glibc-2.27/string/../sysdeps/x86_64/multiarch/strncase_l.c
fn=strncasecmp_l
31 1 1 1 1 0 0 0 0 0
fl=/build/glibc-OTsEL5/glibc-2.27/string/../sysdeps/x86_64/multiarch/strncmp.c
fn=strncmp
38 4 1 1 2 0 0 0 0 0
39 3 0 0 1 0 0 0 0 0
48 1 0 0 1 0 0 0 0 0
fl=/build/glibc-OTsEL5/glibc-2.27/string/../sysdeps/x86_64/multiarch/strncpy.c
fn=strncpy
29 1 0 0 1 0 0 0 0 0
fl=/build/glibc-OTsEL5/glibc-2.27/string/../sysdeps/x86_64/multiarch/strnlen.c
fn=strnlen
31 2 0 0 2 0 0 0 0 0
fl=/build/glibc-OTsEL5/glibc-2.27/string/../sysdeps/x86_64/multiarch/strpbrk.c
fn=strpbrk
29 1 0 0 1 0 0 0 0 0
fl=/build/glibc-OTsEL5/glibc-2.27/string/../sysdeps/x86_64/multiarch/strrchr-avx2.S
fn=__strrchr_avx2
43 1 1 1 0 0 0 0 0 0
44 1 0 0 0 0 0 0 0 0
46 1 0 0 0 0 0 0 0 0
47 1 0 0 0 0 0 0 0 0
50 1 0 0 0 0 0 0 0 0
51 1 0 0 0 0 0 0 0 0
52 1 0 0 0 0 0 0 0 0
54 1 0 0 1 1 0 0 0 0
55 1 0 0 0 0 0 0 0 0
56 1 0 0 0 0 0 0 0 0
57 1 0 0 0 0 0 0 0 0
58 1 0 0 0 0 0 0 0 0
59 1 0 0 0 0 0 0 0 0
61 1 0 0 0 0 0 0 0 0
62 1 0 0 0 0 0 0 0 0
74 1 1 1 0 0 0 0 0 0
75 1 0 0 0 0 0 0 0 0
216 1 1 1 0 0 0 0 0 0
217 1 0 0 0 0 0 0 0 0
218 1 0 0 0 0 0 0 0 0
219 1 0 0 0 0 0 0 0 0
220 1 0 0 0 0 0 0 0 0
222 1 0 0 0 0 0 0 0 0
223 1 0 0 0 0 0 0 0 0
224 1 0 0 0 0 0 0 0 0
225 1 0 0 0 0 0 0 0 0
226 1 0 0 1 0 0 0 0 0
fl=/build/glibc-OTsEL5/glibc-2.27/string/../sysdeps/x86_64/multiarch/strrchr.c
fn=rindex
28 1 0 0 1 0 0 0 0 0
fl=/build/glibc-OTsEL5/glibc-2.27/string/../sysdeps/x86_64/multiarch/strspn.c
fn=strspn
29 1 0 0 1 0 0 0 0 0
fl=/build/glibc-OTsEL5/glibc-2.27/string/../sysdeps/x86_64/strcmp.S
fn=strcmp
144 194 1 1 0 0 0 0 0 0
145 194 0 0 0 0 0 0 0 0
147 194 0 0 0 0 0 0 0 0
148 194 0 0 0 0 0 0 0 0
169 194 0 0 0 0 0 0 0 0
170 194 0 0 0 0 0 0 0 0
171 114 0 0 0 0 0 0 0 0
172 114 0 0 0 0 0 0 0 0
173 74 0 0 74 12 9 0 0 0
174 74 0 0 74 10 1 0 0 0
175 74 0 0 74 0 0 0 0 0
176 74 0 0 74 0 0 0 0 0
197 74 0 0 0 0 0 0 0 0
198 74 0 0 0 0 0 0 0 0
199 74 0 0 0 0 0 0 0 0
200 74 0 0 0 0 0 0 0 0
201 74 0 0 0 0 0 0 0 0
202 74 0 0 0 0 0 0 0 0
203 74 0 0 0 0 0 0 0 0
208 6 0 0 0 0 0 0 0 0
209 6 0 0 0 0 0 0 0 0
218 126 1 1 0 0 0 0 0 0
219 126 0 0 0 0 0 0 0 0
220 126 0 0 0 0 0 0 0 0
221 126 0 0 0 0 0 0 0 0
222 126 1 1 0 0 0 0 0 0
223 126 0 0 0 0 0 0 0 0
224 126 0 0 0 0 0 0 0 0
225 126 0 0 0 0 0 0 0 0
226 62 0 0 0 0 0 0 0 0
227 48 0 0 0 0 0 0 0 0
228 48 0 0 0 0 0 0 0 0
229 48 0 0 0 0 0 0 0 0
231 62 0 0 0 0 0 0 0 0
232 62 0 0 0 0 0 0 0 0
233 62 0 0 0 0 0 0 0 0
234 62 0 0 62 5 2 0 0 0
235 62 0 0 0 0 0 0 0 0
236 62 0 0 0 0 0 0 0 0
246 64 0 0 64 1 0 0 0 0
247 64 0 0 0 0 0 0 0 0
248 64 0 0 0 0 0 0 0 0
250 64 0 0 64 0 0 0 0 0
256 64 1 1 0 0 0 0 0 0
257 64 0 0 0 0 0 0 0 0
258 64 0 0 0 0 0 0 0 0
259 64 0 0 0 0 0 0 0 0
260 64 0 0 0 0 0 0 0 0
265 64 0 0 0 0 0 0 0 0
267 64 0 0 0 0 0 0 0 0
268 64 0 0 0 0 0 0 0 0
269 128 0 0 0 0 0 0 0 0
277 64 0 0 64 1 0 0 0 0
278 64 0 0 64 0 0 0 0 0
281 64 0 0 0 0 0 0 0 0
282 64 1 1 0 0 0 0 0 0
283 64 0 0 0 0 0 0 0 0
284 64 0 0 0 0 0 0 0 0
285 64 0 0 0 0 0 0 0 0
286 64 0 0 0 0 0 0 0 0
946 3 1 1 0 0 0 0 0 0
947 3 0 0 3 0 0 0 0 0
948 3 0 0 3 0 0 0 0 0
949 3 0 0 0 0 0 0 0 0
950 3 0 0 0 0 0 0 0 0
952 3 0 0 0 0 0 0 0 0
953 3 0 0 0 0 0 0 0 0
954 3 0 0 0 0 0 0 0 0
955 3 0 0 0 0 0 0 0 0
956 3 0 0 0 0 0 0 0 0
957 3 0 0 0 0 0 0 0 0
958 3 0 0 0 0 0 0 0 0
959 1 1 1 1 0 0 0 0 0
963 1 0 0 0 0 0 0 0 0
964 1 0 0 0 0 0 0 0 0
965 1 0 0 0 0 0 0 0 0
971 1 0 0 0 0 0 0 0 0
972 1 0 0 0 0 0 0 0 0
973 2 0 0 0 0 0 0 0 0
977 1 0 0 0 0 0 0 0 0
978 1 0 0 0 0 0 0 0 0
981 1 0 0 1 0 0 0 0 0
982 1 1 1 1 1 1 0 0 0
983 1 0 0 0 0 0 0 0 0
986 1 0 0 0 0 0 0 0 0
987 1 0 0 0 0 0 0 0 0
988 1 0 0 0 0 0 0 0 0
994 1 0 0 0 0 0 0 0 0
995 1 0 0 0 0 0 0 0 0
996 1 0 0 0 0 0 0 0 0
997 1 0 0 0 0 0 0 0 0
998 1 0 0 0 0 0 0 0 0
999 1 0 0 0 0 0 0 0 0
1071 30 1 1 0 0 0 0 0 0
1072 30 0 0 30 0 0 0 0 0
1073 30 0 0 30 1 0 0 0 0
1074 30 0 0 0 0 0 0 0 0
1075 30 0 0 0 0 0 0 0 0
1077 30 0 0 0 0 0 0 0 0
1078 30 0 0 0 0 0 0 0 0
1079 30 0 0 0 0 0 0 0 0
1080 30 0 0 0 0 0 0 0 0
1081 30 0 0 0 0 0 0 0 0
1082 30 0 0 0 0 0 0 0 0
1083 30 0 0 0 0 0 0 0 0
1084 2 1 1 2 0 0 0 0 0
1088 2 0 0 0 0 0 0 0 0
1089 2 0 0 0 0 0 0 0 0
1090 2 0 0 0 0 0 0 0 0
1096 2 0 0 0 0 0 0 0 0
1097 2 0 0 0 0 0 0 0 0
1098 4 0 0 0 0 0 0 0 0
1102 2 0 0 0 0 0 0 0 0
1103 2 0 0 0 0 0 0 0 0
1106 2 0 0 2 0 0 0 0 0
1107 2 1 1 2 0 0 0 0 0
1108 2 0 0 0 0 0 0 0 0
1111 2 0 0 0 0 0 0 0 0
1112 2 0 0 0 0 0 0 0 0
1113 2 0 0 0 0 0 0 0 0
1119 2 0 0 0 0 0 0 0 0
1120 2 0 0 0 0 0 0 0 0
1121 2 0 0 0 0 0 0 0 0
1122 2 0 0 0 0 0 0 0 0
1123 2 0 0 0 0 0 0 0 0
1124 2 0 0 0 0 0 0 0 0
1196 5 1 1 0 0 0 0 0 0
1197 5 0 0 5 1 1 0 0 0
1198 5 0 0 5 0 0 0 0 0
1199 5 0 0 0 0 0 0 0 0
1200 5 0 0 0 0 0 0 0 0
1202 5 0 0 0 0 0 0 0 0
1203 5 0 0 0 0 0 0 0 0
1204 5 0 0 0 0 0 0 0 0
1205 5 0 0 0 0 0 0 0 0
1206 5 0 0 0 0 0 0 0 0
1207 5 0 0 0 0 0 0 0 0
1208 5 0 0 0 0 0 0 0 0
1209 1 1 1 1 0 0 0 0 0
1213 1 0 0 0 0 0 0 0 0
1214 1 0 0 0 0 0 0 0 0
1215 1 0 0 0 0 0 0 0 0
1221 1 0 0 0 0 0 0 0 0
1222 1 0 0 0 0 0 0 0 0
1223 2 0 0 0 0 0 0 0 0
1227 1 0 0 0 0 0 0 0 0
1228 1 0 0 0 0 0 0 0 0
1231 1 0 0 1 0 0 0 0 0
1232 1 1 1 1 0 0 0 0 0
1233 1 0 0 0 0 0 0 0 0
1236 1 0 0 0 0 0 0 0 0
1237 1 0 0 0 0 0 0 0 0
1238 1 0 0 0 0 0 0 0 0
1244 1 0 0 0 0 0 0 0 0
1245 1 0 0 0 0 0 0 0 0
1246 1 0 0 0 0 0 0 0 0
1247 1 0 0 0 0 0 0 0 0
1248 1 0 0 0 0 0 0 0 0
1249 1 0 0 0 0 0 0 0 0
1321 3 2 1 0 0 0 0 0 0
1322 3 0 0 3 1 1 0 0 0
1323 3 0 0 3 0 0 0 0 0
1324 3 0 0 0 0 0 0 0 0
1325 3 0 0 0 0 0 0 0 0
1327 3 0 0 0 0 0 0 0 0
1328 3 0 0 0 0 0 0 0 0
1329 3 0 0 0 0 0 0 0 0
1330 3 0 0 0 0 0 0 0 0
1331 3 0 0 0 0 0 0 0 0
1332 3 0 0 0 0 0 0 0 0
1333 3 0 0 0 0 0 0 0 0
1334 2 1 1 2 0 0 0 0 0
1338 2 0 0 0 0 0 0 0 0
1339 2 0 0 0 0 0 0 0 0
1340 2 0 0 0 0 0 0 0 0
1346 2 0 0 0 0 0 0 0 0
1347 2 0 0 0 0 0 0 0 0
1348 4 0 0 0 0 0 0 0 0
1352 2 0 0 0 0 0 0 0 0
1353 2 0 0 0 0 0 0 0 0
1356 2 0 0 2 2 1 0 0 0
1357 2 1 1 2 0 0 0 0 0
1358 2 0 0 0 0 0 0 0 0
1361 2 0 0 0 0 0 0 0 0
1362 2 0 0 0 0 0 0 0 0
1363 2 0 0 0 0 0 0 0 0
1369 2 0 0 0 0 0 0 0 0
1370 2 0 0 0 0 0 0 0 0
1371 2 0 0 0 0 0 0 0 0
1372 2 0 0 0 0 0 0 0 0
1373 2 0 0 0 0 0 0 0 0
1374 2 0 0 0 0 0 0 0 0
1571 1 1 1 0 0 0 0 0 0
1572 1 0 0 1 0 0 0 0 0
1573 1 0 0 1 0 0 0 0 0
1574 1 0 0 0 0 0 0 0 0
1575 1 0 0 0 0 0 0 0 0
1577 1 0 0 0 0 0 0 0 0
1578 1 0 0 0 0 0 0 0 0
1579 1 0 0 0 0 0 0 0 0
1580 1 0 0 0 0 0 0 0 0
1581 1 0 0 0 0 0 0 0 0
1582 1 0 0 0 0 0 0 0 0
1583 1 0 0 0 0 0 0 0 0
1584 1 1 1 1 0 0 0 0 0
1588 1 0 0 0 0 0 0 0 0
1589 1 0 0 0 0 0 0 0 0
1590 1 0 0 0 0 0 0 0 0
1596 1 0 0 0 0 0 0 0 0
1597 1 0 0 0 0 0 0 0 0
1598 2 0 0 0 0 0 0 0 0
1602 1 0 0 0 0 0 0 0 0
1603 1 0 0 0 0 0 0 0 0
1606 1 0 0 1 0 0 0 0 0
1607 1 1 1 1 1 1 0 0 0
1608 1 0 0 0 0 0 0 0 0
1611 1 0 0 0 0 0 0 0 0
1612 1 0 0 0 0 0 0 0 0
1613 1 0 0 0 0 0 0 0 0
1619 1 0 0 0 0 0 0 0 0
1620 1 0 0 0 0 0 0 0 0
1621 1 0 0 0 0 0 0 0 0
1622 1 0 0 0 0 0 0 0 0
1623 1 0 0 0 0 0 0 0 0
1624 1 0 0 0 0 0 0 0 0
1696 1 1 1 0 0 0 0 0 0
1697 1 0 0 1 0 0 0 0 0
1698 1 0 0 1 1 1 0 0 0
1699 1 0 0 0 0 0 0 0 0
1700 1 0 0 0 0 0 0 0 0
1702 1 0 0 0 0 0 0 0 0
1703 1 0 0 0 0 0 0 0 0
1704 1 0 0 0 0 0 0 0 0
1705 1 0 0 0 0 0 0 0 0
1706 1 0 0 0 0 0 0 0 0
1707 1 0 0 0 0 0 0 0 0
1708 1 0 0 0 0 0 0 0 0
1709 1 1 1 1 0 0 0 0 0
1713 1 0 0 0 0 0 0 0 0
1714 1 0 0 0 0 0 0 0 0
1715 1 0 0 0 0 0 0 0 0
1721 1 0 0 0 0 0 0 0 0
1722 1 0 0 0 0 0 0 0 0
1723 2 0 0 0 0 0 0 0 0
1727 1 0 0 0 0 0 0 0 0
1728 1 0 0 0 0 0 0 0 0
1731 1 0 0 1 1 1 0 0 0
1732 1 1 1 1 0 0 0 0 0
1733 1 0 0 0 0 0 0 0 0
1736 1 0 0 0 0 0 0 0 0
1737 1 0 0 0 0 0 0 0 0
1738 1 0 0 0 0 0 0 0 0
1744 1 0 0 0 0 0 0 0 0
1745 1 0 0 0 0 0 0 0 0
1746 1 0 0 0 0 0 0 0 0
1747 1 0 0 0 0 0 0 0 0
1748 1 0 0 0 0 0 0 0 0
1749 1 0 0 0 0 0 0 0 0
1756 1 0 0 0 0 0 0 0 0
1757 1 0 0 0 0 0 0 0 0
1759 1 0 0 0 0 0 0 0 0
1760 1 0 0 0 0 0 0 0 0
1762 1 1 1 1 0 0 0 0 0
1763 1 0 0 1 0 0 0 0 0
1764 1 0 0 0 0 0 0 0 0
1767 1 0 0 0 0 0 0 0 0
1768 1 0 0 0 0 0 0 0 0
1769 1 0 0 0 0 0 0 0 0
1775 1 0 0 0 0 0 0 0 0
1776 1 0 0 0 0 0 0 0 0
1777 1 0 0 0 0 0 0 0 0
1778 1 0 0 0 0 0 0 0 0
1779 1 0 0 0 0 0 0 0 0
1780 1 0 0 0 0 0 0 0 0
1821 9 1 1 0 0 0 0 0 0
1822 9 0 0 9 0 0 0 0 0
1823 9 0 0 9 1 1 0 0 0
1824 9 0 0 0 0 0 0 0 0
1825 9 0 0 0 0 0 0 0 0
1827 9 0 0 0 0 0 0 0 0
1828 9 0 0 0 0 0 0 0 0
1829 9 0 0 0 0 0 0 0 0
1830 9 0 0 0 0 0 0 0 0
1831 9 0 0 0 0 0 0 0 0
1832 9 0 0 0 0 0 0 0 0
1833 9 0 0 0 0 0 0 0 0
1834 9 1 1 9 0 0 0 0 0
1838 9 0 0 0 0 0 0 0 0
1839 9 0 0 0 0 0 0 0 0
1840 9 0 0 0 0 0 0 0 0
1846 9 0 0 0 0 0 0 0 0
1847 9 0 0 0 0 0 0 0 0
1848 18 0 0 0 0 0 0 0 0
1852 9 0 0 0 0 0 0 0 0
1853 9 0 0 0 0 0 0 0 0
1856 9 0 0 9 2 2 0 0 0
1857 9 1 1 9 0 0 0 0 0
1858 9 0 0 0 0 0 0 0 0
1861 9 0 0 0 0 0 0 0 0
1862 9 0 0 0 0 0 0 0 0
1863 9 0 0 0 0 0 0 0 0
1869 9 0 0 0 0 0 0 0 0
1870 9 0 0 0 0 0 0 0 0
1871 9 0 0 0 0 0 0 0 0
1872 9 0 0 0 0 0 0 0 0
1873 9 0 0 0 0 0 0 0 0
1874 9 0 0 0 0 0 0 0 0
1946 5 1 1 0 0 0 0 0 0
1947 5 0 0 5 0 0 0 0 0
1948 5 0 0 5 0 0 0 0 0
1949 5 0 0 0 0 0 0 0 0
1950 5 0 0 0 0 0 0 0 0
1952 5 0 0 0 0 0 0 0 0
1953 5 0 0 0 0 0 0 0 0
1954 5 0 0 0 0 0 0 0 0
1955 5 0 0 0 0 0 0 0 0
1956 5 0 0 0 0 0 0 0 0
1957 5 0 0 0 0 0 0 0 0
1958 5 0 0 0 0 0 0 0 0
1959 1 1 1 1 0 0 0 0 0
1963 1 0 0 0 0 0 0 0 0
1964 1 0 0 0 0 0 0 0 0
1965 1 0 0 0 0 0 0 0 0
1971 1 0 0 0 0 0 0 0 0
1972 1 0 0 0 0 0 0 0 0
1973 2 0 0 0 0 0 0 0 0
1977 1 0 0 0 0 0 0 0 0
1978 1 0 0 0 0 0 0 0 0
1981 1 0 0 1 1 1 0 0 0
1982 1 1 1 1 0 0 0 0 0
1983 1 0 0 0 0 0 0 0 0
1986 1 0 0 0 0 0 0 0 0
1987 1 0 0 0 0 0 0 0 0
1988 1 0 0 0 0 0 0 0 0
1994 1 0 0 0 0 0 0 0 0
1995 1 0 0 0 0 0 0 0 0
1996 1 0 0 0 0 0 0 0 0
1997 1 0 0 0 0 0 0 0 0
1998 1 0 0 0 0 0 0 0 0
1999 1 0 0 0 0 0 0 0 0
2071 5 1 1 0 0 0 0 0 0
2072 5 0 0 5 1 1 0 0 0
2073 5 0 0 5 0 0 0 0 0
2074 5 0 0 0 0 0 0 0 0
2075 5 0 0 0 0 0 0 0 0
2077 5 0 0 0 0 0 0 0 0
2078 5 0 0 0 0 0 0 0 0
2079 5 0 0 0 0 0 0 0 0
2080 5 0 0 0 0 0 0 0 0
2081 5 0 0 0 0 0 0 0 0
2082 5 0 0 0 0 0 0 0 0
2083 5 0 0 0 0 0 0 0 0
2200 82 0 0 0 0 0 0 0 0
2202 126 1 1 0 0 0 0 0 0
2203 126 0 0 0 0 0 0 0 0
2204 126 0 0 0 0 0 0 0 0
2205 126 0 0 0 0 0 0 0 0
2206 144 0 0 0 0 0 0 0 0
2211 194 0 0 0 0 0 0 0 0
2217 194 0 0 194 0 0 0 0 0
2218 194 0 0 194 0 0 0 0 0
2226 194 0 0 0 0 0 0 0 0
2227 194 0 0 194 0 0 0 0 0
fl=/build/glibc-OTsEL5/glibc-2.27/string/../sysdeps/x86_64/strcspn.S
fn=strcspn
30 1 1 1 0 0 0 0 0 0
37 1 0 0 0 0 0 0 0 0
38 1 0 0 0 0 0 0 0 0
40 1 0 0 0 0 0 0 0 0
41 1 0 0 0 0 0 0 0 0
42 1 0 0 0 0 0 0 0 0
43 1 0 0 0 0 0 0 0 0
44 33 0 0 0 0 0 32 4 4
47 2 0 0 0 0 0 0 0 0
54 1 0 0 1 0 0 0 0 0
55 1 0 0 0 0 0 0 0 0
56 1 0 0 0 0 0 0 0 0
57 1 0 0 0 0 0 1 0 0
59 1 0 0 1 0 0 0 0 0
60 1 0 0 0 0 0 0 0 0
61 1 1 1 0 0 0 0 0 0
62 1 0 0 0 0 0 1 0 0
64 1 0 0 1 0 0 0 0 0
65 1 0 0 0 0 0 0 0 0
66 1 0 0 0 0 0 0 0 0
75 3 0 0 0 0 0 0 0 0
87 12 0 0 0 0 0 0 0 0
89 12 0 0 12 1 1 0 0 0
90 12 0 0 12 0 0 0 0 0
91 12 0 0 0 0 0 0 0 0
93 12 0 0 12 0 0 0 0 0
94 12 0 0 12 0 0 0 0 0
95 12 0 0 0 0 0 0 0 0
97 12 0 0 12 0 0 0 0 0
98 12 0 0 12 0 0 0 0 0
99 12 0 0 0 0 0 0 0 0
101 12 0 0 12 0 0 0 0 0
102 12 0 0 12 0 0 0 0 0
103 12 0 0 0 0 0 0 0 0
105 1 0 0 0 0 0 0 0 0
106 1 0 0 0 0 0 0 0 0
107 1 0 0 0 0 0 0 0 0
109 1 0 0 0 0 0 0 0 0
116 1 0 0 0 0 0 0 0 0
120 1 0 0 1 0 0 0 0 0
fl=/build/glibc-OTsEL5/glibc-2.27/string/strdup.c
fn=strdup
40 12 1 1 0 0 0 6 0 0
41 6 0 0 0 0 0 3 0 0
42 6 0 0 0 0 0 3 0 0
44 6 0 0 0 0 0 0 0 0
47 12 0 0 0 0 0 0 0 0
48 9 0 0 6 0 0 0 0 0
fl=/build/glibc-OTsEL5/glibc-2.27/time/../sysdeps/generic/dl-hash.h
fn=gettimeofday
43 1 0 0 0 0 0 0 0 0
44 1 0 0 0 0 0 0 0 0
45 13 0 0 4 0 0 0 0 0
48 12 0 0 0 0 0 0 0 0
62 16 0 0 0 0 0 0 0 0
67 1 0 0 0 0 0 0 0 0
fn=time
44 1 0 0 0 0 0 0 0 0
45 13 0 0 4 1 1 0 0 0
48 12 0 0 0 0 0 0 0 0
62 16 1 1 0 0 0 0 0 0
67 1 0 0 0 0 0 0 0 0
fl=/build/glibc-OTsEL5/glibc-2.27/time/../sysdeps/unix/sysv/linux/x86/gettimeofday.c
fn=gettimeofday
42 16 3 3 1 0 0 4 0 0
fl=/build/glibc-OTsEL5/glibc-2.27/time/../sysdeps/unix/sysv/linux/x86/time.c
fn=time
43 17 2 2 1 0 0 4 0 0
fl=/build/glibc-OTsEL5/glibc-2.27/wcsmbs/../sysdeps/x86_64/multiarch/ifunc-avx2.h
fn=wcschr
30 8 0 0 0 0 0 0 0 0
32 6 2 2 4 0 0 0 0 0
fn=wcslen
30 4 0 0 0 0 0 0 0 0
32 3 2 2 2 0 0 0 0 0
fn=wmemchr
30 8 0 0 0 0 0 0 0 0
32 6 1 1 4 0 0 0 0 0
fl=/build/glibc-OTsEL5/glibc-2.27/wcsmbs/../sysdeps/x86_64/multiarch/ifunc-wmemset.h
fn=wmemset
30 6 0 0 0 0 0 0 0 0
32 8 1 1 4 0 0 0 0 0
34 8 1 1 0 0 0 0 0 0
35 2 0 0 0 0 0 0 0 0
fl=/build/glibc-OTsEL5/glibc-2.27/wcsmbs/../sysdeps/x86_64/multiarch/wcschr.c
fn=wcschr
31 2 0 0 2 0 0 0 0 0
fl=/build/glibc-OTsEL5/glibc-2.27/wcsmbs/../sysdeps/x86_64/multiarch/wcslen.c
fn=wcslen
29 1 0 0 1 0 0 0 0 0
fl=/build/glibc-OTsEL5/glibc-2.27/wcsmbs/../sysdeps/x86_64/multiarch/wcsnlen.c
fn=wcsnlen
38 3 0 0 0 0 0 0 0 0
40 3 1 1 2 0 0 0 0 0
49 1 0 0 1 0 0 0 0 0
fl=/build/glibc-OTsEL5/glibc-2.27/wcsmbs/../sysdeps/x86_64/multiarch/wmemchr.c
fn=wmemchr
31 2 0 0 2 0 0 0 0 0
fl=/build/glibc-OTsEL5/glibc-2.27/wcsmbs/../sysdeps/x86_64/multiarch/wmemset.c
fn=wmemset
31 2 0 0 2 0 0 0 0 0
fl=???
fn=???
0 4169 21 16 4083 7 4 21 2 2
fn=__libc_csu_init
0 34 3 3 8 0 0 8 0 0
fn=_start
0 11 2 2 2 0 0 3 0 0
fn=main
0 37056048028 12 12 17026015009 127187299 51560898 1005011006 502255 501040
summary: 37057068476 992 979 17026197935 127189841 51563008 1005144507 506963 505696
